idx	1_push	1_incl	1_pop	1/2_push 1/2_incl 1/2_pop max_push max_incl max_pop 
0	0.07248	0.04715	0.06209	0.06209	0.03826	0.05873	0.05959	0.03635	0.05793	
1	0.0675	0.04541	0.05417	0.06293	0.03788	0.05999	0.06083	0.03621	0.05834	
2	0.0675	0.03549	0.06169	0.06543	0.03671	0.05999	0.05963	0.0392	0.0579	
3	0.0775	0.03746	0.0592	0.06165	0.03588	0.05626	0.06125	0.03633	0.05582	
4	0.0841	0.03502	0.06129	0.05961	0.035	0.05751	0.06083	0.03707	0.05874	
5	0.09252	0.03998	0.05836	0.06414	0.0354	0.05746	0.06124	0.0391	0.05704	
6	0.08047	0.04322	0.06378	0.06125	0.03587	0.0621	0.06125	0.03754	0.05834	
7	0.08709	0.0371	0.06289	0.06705	0.03743	0.05541	0.06625	0.04304	0.05833	
8	0.08494	0.04076	0.07539	0.06458	0.03909	0.05579	0.06121	0.03293	0.05502	
9	0.09667	0.03972	0.08123	0.06123	0.035	0.0575	0.06337	0.04143	0.05707	
10	0.10583	0.04588	0.07246	0.06333	0.03584	0.05792	0.06126	0.03744	0.05795	
11	0.11331	0.03998	0.07666	0.06337	0.03666	0.05624	0.06001	0.04381	0.05456	
12	0.11453	0.04844	0.07624	0.06334	0.03799	0.05961	0.05961	0.03748	0.05541	
13	0.1175	0.04319	0.07712	0.07129	0.04587	0.05919	0.06412	0.04216	0.05664	
14	0.11007	0.04441	0.07724	0.06291	0.03836	0.05625	0.05711	0.03711	0.05874	
15	0.11624	0.04488	0.0792	0.06127	0.04037	0.05539	0.05999	0.0358	0.05585	
16	0.12291	0.04713	0.07958	0.06164	0.03874	0.05875	0.06215	0.03744	0.06456	
17	0.13042	0.0488	0.08376	0.06251	0.03739	0.05539	0.05748	0.03913	0.05336	
18	0.12748	0.05123	0.08502	0.06752	0.04133	0.05793	0.06126	0.04588	0.05751	
19	0.13417	0.05247	0.10623	0.06248	0.03458	0.05877	0.06337	0.0375	0.05791	
20	0.1329	0.05461	0.08998	0.06915	0.03834	0.05832	0.06376	0.03795	0.05835	
21	0.14372	0.05663	0.08958	0.06378	0.03371	0.05832	0.06458	0.03496	0.05915	
22	0.14376	0.05837	0.09457	0.06628	0.0354	0.0604	0.06044	0.04032	0.06122	
23	0.16623	0.0583	0.09039	0.06211	0.03835	0.05835	0.06541	0.04083	0.05998	
24	0.15081	0.0612	0.10997	0.06499	0.04041	0.05874	0.06041	0.04018	0.05834	
25	0.14747	0.0654	0.11624	0.06082	0.04762	0.0579	0.05915	0.03989	0.05621	
26	0.17674	0.06417	0.10874	0.06501	0.03586	0.06125	0.05915	0.03626	0.05627	
27	0.17463	0.06666	0.11875	0.06545	0.03547	0.05665	0.06375	0.03786	0.05332	
28	0.18627	0.06707	0.11873	0.06296	0.03673	0.05459	0.06454	0.04759	0.05999	
29	0.19161	0.06836	0.12245	0.05874	0.04296	0.05794	0.06667	0.04218	0.05834	
30	0.19337	0.06875	0.12294	0.06377	0.03832	0.05583	0.06583	0.0396	0.05791	
31	0.18835	0.07374	0.12335	0.06128	0.03496	0.05624	0.06543	0.03789	0.05665	
32	0.20168	0.08833	0.12668	0.06623	0.04304	0.05958	0.05958	0.04001	0.05709	
33	0.20081	0.09084	0.12585	0.0604	0.03746	0.05833	0.05584	0.03914	0.05874	
34	0.22206	0.0921	0.12835	0.06169	0.03695	0.055	0.0625	0.03667	0.05247	
35	0.22165	0.09334	0.13334	0.06376	0.03701	0.05666	0.0671	0.03749	0.05751	
36	0.23167	0.09625	0.13377	0.06248	0.03882	0.05543	0.06543	0.03825	0.05582	
37	0.22503	0.09336	0.13752	0.06583	0.03788	0.05416	0.05875	0.03669	0.05499	
38	0.23583	0.09834	0.14083	0.06335	0.0422	0.05706	0.06293	0.04244	0.05624	
39	0.24418	0.09961	0.14288	0.06457	0.037	0.06084	0.06333	0.03743	0.05957	
40	0.24168	0.09833	0.15001	0.05916	0.04182	0.05417	0.06457	0.04994	0.05961	
41	0.24668	0.10418	0.14378	0.06166	0.03788	0.06087	0.06456	0.04193	0.05876	
42	0.25289	0.10416	0.14546	0.06336	0.0358	0.05998	0.06249	0.03579	0.05501	
43	0.25667	0.10665	0.14879	0.06038	0.03582	0.06082	0.06206	0.04468	0.0571	
44	0.25877	0.10879	0.15208	0.06045	0.04135	0.05708	0.06001	0.03836	0.0575	
45	0.25707	0.1063	0.14834	0.06332	0.0374	0.05833	0.0604	0.03832	0.05543	
46	0.26662	0.11212	0.1542	0.06077	0.03653	0.05836	0.05957	0.04695	0.05625	
47	0.26422	0.11666	0.15423	0.06291	0.03841	0.05832	0.06376	0.03754	0.05833	
48	0.26951	0.11212	0.15795	0.06291	0.04086	0.05166	0.06627	0.03912	0.05832	
49	0.27252	0.11292	0.16208	0.06584	0.0383	0.05753	0.06333	0.03669	0.0592	
50	0.28499	0.11666	0.1621	0.06166	0.03958	0.05499	0.06375	0.03843	0.05583	
51	0.28127	0.12002	0.16204	0.06164	0.03773	0.06126	0.06583	0.04925	0.0521	
52	0.28458	0.1233	0.1658	0.06542	0.03914	0.06126	0.06042	0.05553	0.05751	
53	0.29376	0.12581	0.16918	0.0604	0.04967	0.05542	0.06164	0.03917	0.05709	
54	0.29497	0.12584	0.16958	0.06581	0.03629	0.05833	0.06374	0.03837	0.05749	
55	0.30088	0.12624	0.1725	0.06374	0.03748	0.05665	0.06208	0.0371	0.05581	
56	0.30082	0.12792	0.17501	0.06498	0.03754	0.05831	0.05998	0.03951	0.05666	
57	0.31918	0.13623	0.18127	0.06248	0.03743	0.05792	0.06502	0.03626	0.05791	
58	0.31292	0.13375	0.1796	0.06377	0.03621	0.05751	0.06754	0.04368	0.05832	
59	0.31664	0.13832	0.18124	0.06293	0.04009	0.05956	0.06583	0.03794	0.06125	
60	0.31622	0.12874	0.18	0.06042	0.03784	0.055	0.06213	0.03967	0.05335	
61	0.32706	0.14039	0.18339	0.06128	0.03755	0.05957	0.06162	0.03626	0.05667	
62	0.32166	0.13959	0.19124	0.06373	0.03947	0.05751	0.05874	0.0379	0.05627	
63	0.32459	0.14457	0.19039	0.05957	0.04044	0.05499	0.05669	0.03589	0.05623	
64	0.33001	0.14292	0.19499	0.06253	0.0384	0.05542	0.06295	0.03872	0.05544	
65	0.33504	0.1479	0.19584	0.0625	0.03702	0.05751	0.06584	0.04086	0.05667	
66	0.3663	0.15375	0.1997	0.05918	0.03585	0.05919	0.06083	0.03712	0.05667	
67	0.34164	0.14793	0.20029	0.06121	0.03674	0.05793	0.06332	0.03958	0.05751	
68	0.34115	0.14333	0.20008	0.0621	0.03713	0.05582	0.06208	0.03504	0.05958	
69	0.34463	0.14708	0.20319	0.06418	0.04341	0.05707	0.06377	0.04706	0.05624	
70	0.35533	0.15843	0.20419	0.06083	0.04004	0.05541	0.06335	0.04667	0.06086	
71	0.3646	0.15791	0.20449	0.06416	0.03451	0.05373	0.06334	0.03623	0.05834	
72	0.36707	0.15748	0.21115	0.05918	0.03578	0.06086	0.05877	0.03954	0.05501	
73	0.36709	0.1525	0.20923	0.06128	0.03875	0.05667	0.06834	0.0551	0.06834	
74	0.37544	0.35659	0.23211	0.06749	0.05408	0.06459	0.06497	0.04036	0.05995	
75	0.37706	0.16465	0.21539	0.05917	0.03671	0.17374	0.06251	0.03832	0.06123	
76	0.3958	0.16915	0.21497	0.06246	0.03672	0.05544	0.06288	0.03626	0.05957	
77	0.37538	0.16294	0.21498	0.06249	0.03963	0.05459	0.06209	0.03624	0.05456	
78	0.3875	0.16554	0.2942	0.06125	0.0466	0.05708	0.06251	0.04083	0.05712	
79	0.40251	0.17293	0.22126	0.06456	0.03888	0.05627	0.0625	0.0431	0.05956	
80	0.40001	0.16923	0.22539	0.06166	0.03878	0.06043	0.06418	0.03628	0.05497	
81	0.39999	0.16957	0.22749	0.06126	0.03534	0.05626	0.06125	0.03502	0.0546	
82	0.40421	0.17134	0.22957	0.06459	0.03581	0.05875	0.06499	0.03997	0.05831	
83	0.40756	0.17518	0.23003	0.06377	0.03624	0.05874	0.05666	0.0371	0.05749	
84	0.41625	0.18084	0.23375	0.06374	0.03703	0.05751	0.0625	0.04035	0.05457	
85	0.41167	0.17559	0.23623	0.065	0.04087	0.05874	0.06085	0.03756	0.05623	
86	0.42037	0.18005	0.24084	0.06418	0.03703	0.0546	0.06042	0.03664	0.05751	
87	0.41207	0.18211	0.2375	0.06042	0.03714	0.05499	0.06122	0.03294	0.05585	
88	0.43232	0.19417	0.24794	0.05836	0.03837	0.05832	0.06458	0.0367	0.1479	
89	0.42621	0.18791	0.24041	0.06292	0.03951	0.05876	0.05876	0.03373	0.05456	
90	0.43252	0.18913	0.23952	0.06208	0.03588	0.05751	0.06209	0.03711	0.06127	
91	0.44051	0.19208	0.24788	0.06333	0.03588	0.05792	0.0654	0.04115	0.05873	
92	0.44292	0.18666	0.24957	0.06085	0.0337	0.05834	0.06043	0.04045	0.05918	
93	0.45204	0.19331	0.2521	0.0621	0.03966	0.05582	0.06247	0.03665	0.05832	
94	0.44367	0.19457	0.25081	0.06125	0.04041	0.0571	0.0625	0.04876	0.05836	
95	0.45412	0.19709	0.25376	0.06541	0.04424	0.05583	0.0629	0.04555	0.05749	
96	0.46627	0.19124	0.25415	0.06123	0.03751	0.05586	0.06333	0.03925	0.05792	
97	0.47793	0.19625	0.25667	0.06708	0.03871	0.05541	0.06085	0.03757	0.05708	
98	0.45874	0.19997	0.25958	0.06375	0.03828	0.05876	0.0625	0.03548	0.0571	
99	0.47878	0.20251	0.26541	0.06543	0.03909	0.05791	0.0596	0.03629	0.05832	
100	0.4688	0.20372	0.26249	0.06666	0.04122	0.05501	0.06166	0.04001	0.05916	
101	0.47999	0.20748	0.26368	0.06291	0.03587	0.05751	0.06754	0.03713	0.06041	
102	0.48499	0.21336	0.26748	0.06	0.03798	0.05708	0.0621	0.03676	0.05668	
103	0.48629	0.21041	0.26829	0.05917	0.03748	0.05499	0.0654	0.03792	0.05461	
104	0.48169	0.21167	0.27666	0.05997	0.03703	0.06083	0.06254	0.04881	0.0579	
105	0.48916	0.22337	0.27287	0.0621	0.04163	0.05373	0.05958	0.03958	0.05622	
106	0.49664	0.20877	0.27207	0.06459	0.04094	0.05879	0.0612	0.04385	0.05664	
107	0.50458	0.21669	0.27996	0.06248	0.03878	0.05834	0.0638	0.03665	0.06209	
108	0.50873	0.225	0.28294	0.06497	0.03622	0.05999	0.06336	0.03458	0.05834	
109	0.50332	0.22123	0.28413	0.06498	0.0383	0.05707	0.06708	0.03999	0.05708	
110	0.51241	0.23754	0.28507	0.05959	0.03744	0.05836	0.05836	0.03583	0.05961	
111	0.52131	0.22248	0.28659	0.06334	0.03627	0.05712	0.06166	0.0379	0.05999	
112	0.52169	0.22332	0.28832	0.06209	0.03663	0.05794	0.06293	0.03591	0.05751	
113	0.52413	0.22165	0.29294	0.06499	0.0415	0.05374	0.06127	0.04389	0.06	
114	0.52165	0.23087	0.29245	0.06626	0.03496	0.06167	0.06166	0.04686	0.05544	
115	0.53086	0.23922	0.29214	0.06125	0.03707	0.05499	0.06042	0.03701	0.05709	
116	0.52913	0.22668	0.29708	0.06124	0.03835	0.05416	0.05668	0.04146	0.05625	
117	0.5296	0.22868	0.29537	0.06498	0.04535	0.05668	0.06419	0.04378	0.05752	
118	0.72709	0.26501	0.31949	0.06666	0.04088	0.05709	0.0625	0.03674	0.05373	
119	0.56373	0.25127	0.30667	0.06168	0.03494	0.05583	0.06166	0.03907	0.05498	
120	0.55335	0.24708	0.30916	0.06123	0.03547	0.05707	0.05957	0.03882	0.06127	
121	0.55039	0.24207	0.3063	0.06621	0.03375	0.05792	0.06209	0.03752	0.06041	
122	0.56166	0.24125	0.30919	0.06206	0.03799	0.05998	0.06001	0.03403	0.05873	
123	0.56205	0.24502	0.30962	0.0621	0.0374	0.05872	0.06042	0.0358	0.05667	
124	0.57712	0.24379	0.30964	0.06458	0.04172	0.05666	0.06166	0.03967	0.05707	
125	0.56707	0.25	0.31084	0.06165	0.03829	0.05667	0.06375	0.03881	0.05542	
126	0.58086	0.24749	0.32251	0.06124	0.03581	0.05543	0.0629	0.03716	0.05958	
127	0.58043	0.2596	0.32206	0.06503	0.03675	0.05624	0.06206	0.04078	0.05706	
128	0.58249	0.2654	0.32249	0.06457	0.03663	0.05876	0.05956	0.0379	0.05914	
129	0.59127	0.33081	0.33459	0.06374	0.04661	0.055	0.06376	0.03997	0.05836	
130	0.59196	0.25958	0.32915	0.06291	0.03585	0.05583	0.0604	0.0383	0.05834	
131	0.59954	0.2554	0.32538	0.05917	0.03666	0.05371	0.06502	0.04552	0.05791	
132	0.59833	0.25752	0.32957	0.05918	0.0362	0.05581	0.06206	0.03585	0.05668	
133	0.60869	0.26041	0.33294	0.05918	0.03625	0.05918	0.05545	0.03706	0.05627	
134	0.60707	0.25917	0.32958	0.06292	0.03954	0.05749	0.07085	0.05577	0.06126	
135	0.63043	0.27628	0.33419	0.06	0.03628	0.05417	0.06122	0.03831	0.05586	
136	0.63626	0.27417	0.34371	0.06336	0.03836	0.05626	0.06126	0.04464	0.05628	
137	0.63667	0.2729	0.35167	0.06578	0.0513	0.06418	0.06293	0.03965	0.05707	
138	0.62588	0.27123	0.33916	0.05922	0.03668	0.05667	0.06084	0.03798	0.05792	
139	0.62082	0.2675	0.34628	0.06337	0.03584	0.05791	0.06123	0.03968	0.05666	
140	0.64585	0.27872	0.36166	0.07336	0.05508	0.07124	0.06334	0.03962	0.07043	
141	0.6446	0.28664	0.34458	0.05917	0.03709	0.05497	0.06207	0.03581	0.05543	
142	0.65339	0.27873	0.3671	0.06751	0.05458	0.06	0.06586	0.05216	0.06544	
143	0.7517	0.28291	0.67253	0.06624	0.04511	0.06041	0.06293	0.03877	0.05543	
144	0.65001	0.28037	0.35211	0.06376	0.03584	0.05877	0.06044	0.03829	0.05875	
145	0.65204	0.27996	0.35124	0.06247	0.03882	0.05541	0.06045	0.03797	0.05957	
146	0.64793	0.28417	0.35499	0.05792	0.03835	0.05667	0.06121	0.03831	0.06122	
147	0.65925	0.28575	0.35831	0.06209	0.03926	0.05626	0.06121	0.04288	0.05624	
148	0.66798	0.28585	0.36208	0.06332	0.0413	0.05748	0.05834	0.03887	0.05707	
149	0.665	0.28744	0.36625	0.06125	0.03916	0.05622	0.06087	0.03544	0.05586	
150	0.67543	0.28841	0.36414	0.06167	0.04345	0.05792	0.06291	0.04117	0.05959	
151	0.67705	0.29129	0.36587	0.06333	0.03578	0.05749	0.06205	0.03758	0.06045	
152	0.67512	0.29165	0.37082	0.06585	0.04036	0.05961	0.06121	0.04548	0.0546	
153	0.68297	0.2971	0.37122	0.06293	0.03866	0.05583	0.06504	0.03833	0.0571	
154	0.69375	0.30713	0.37209	0.06043	0.0371	0.05669	0.05957	0.03713	0.05585	
155	0.69219	0.30788	0.37919	0.05877	0.03964	0.05624	0.05956	0.03504	0.05956	
156	0.71789	0.3063	0.38169	0.06127	0.03589	0.0571	0.0621	0.05157	0.055	
157	0.70832	0.31621	0.38835	0.0646	0.11714	0.0696	0.06335	0.03953	0.0592	
158	0.70666	0.37841	0.40294	0.0692	0.04219	0.05414	0.06166	0.03787	0.06416	
159	0.69713	0.30497	0.38665	0.06376	0.03619	0.05667	0.05711	0.03757	0.05959	
160	0.7196	0.31048	0.38919	0.06334	0.0424	0.05919	0.06254	0.04593	0.05709	
161	0.71295	0.31002	0.38792	0.06546	0.0407	0.05747	0.06669	0.04216	0.05794	
162	0.7012	0.30835	0.39378	0.06248	0.03667	0.05961	0.05794	0.04594	0.05665	
163	0.71127	0.315	0.3871	0.06417	0.04754	0.05581	0.06208	0.03877	0.0571	
164	1.1608	0.87378	1.29752	0.06584	0.06358	0.07789	0.0667	0.04905	0.06211	
165	0.72416	0.31664	0.39666	0.06624	0.03907	0.05545	0.06086	0.03789	0.05712	
166	0.73419	0.31957	0.39872	0.0625	0.03635	0.05709	0.06082	0.03795	0.05876	
167	0.73918	0.31998	0.3983	0.06083	0.03834	0.05625	0.06331	0.0371	0.05542	
168	0.74332	0.32207	0.40207	0.06584	0.03748	0.05538	0.06541	0.03916	0.05835	
169	0.73833	0.32166	0.40415	0.06166	0.03706	0.05709	0.06251	0.0383	0.05748	
170	0.74665	0.32294	0.40955	0.06459	0.03414	0.05666	0.05917	0.03503	0.05916	
171	0.73871	0.32795	0.41	0.06248	0.03711	0.05789	0.06589	0.03462	0.05372	
172	0.74872	0.32752	0.40912	0.0625	0.03707	0.05584	0.06249	0.03628	0.05748	
173	0.75378	0.33038	0.4108	0.06213	0.04126	0.05709	0.06669	0.03922	0.05332	
174	0.7546	0.33332	0.41339	0.06664	0.04381	0.05626	0.06003	0.03894	0.05624	
175	0.76125	0.3354	0.41802	0.065	0.03917	0.05624	0.06169	0.03878	0.0558	
176	0.76497	0.33628	0.41783	0.05793	0.03623	0.05875	0.06335	0.04955	0.05998	
177	0.77082	0.33579	0.42133	0.06164	0.03917	0.05794	0.0604	0.04056	0.05583	
178	0.78542	0.34044	0.42119	0.0604	0.0384	0.05289	0.0654	0.04395	0.06044	
179	0.775	0.34249	0.42542	0.06084	0.03916	0.05919	0.0604	0.03842	0.05875	
180	0.78248	0.3404	0.4246	0.06084	0.03744	0.05666	0.06045	0.04087	0.05747	
181	0.79084	0.34248	0.42791	0.06166	0.03749	0.05873	0.05709	0.05998	0.05832	
182	0.78747	0.34709	0.44125	0.06292	0.0382	0.06083	0.06335	0.03675	0.05876	
183	0.80747	0.34958	0.42957	0.06293	0.03918	0.05662	0.06169	0.03589	0.05749	
184	0.80331	0.34959	0.43205	0.06043	0.03631	0.05502	0.06042	0.03665	0.055	
185	0.80004	0.35082	0.43836	0.06624	0.03795	0.05664	0.05917	0.0391	0.05832	
186	0.90287	0.37043	0.49871	0.06456	0.03879	0.05792	0.05962	0.0337	0.05708	
187	0.81086	0.48542	0.43915	0.06208	0.04205	0.05751	0.06038	0.0401	0.05711	
188	0.82669	0.35956	0.44332	0.06581	0.03658	0.05623	0.06124	0.03783	0.0567	
189	0.81751	0.35339	0.44498	0.06167	0.03836	0.05708	0.05915	0.04092	0.05706	
190	0.83332	0.35591	0.45046	0.06419	0.03701	0.05918	0.05874	0.03664	0.05999	
191	0.82835	0.35955	0.44707	0.06085	0.03582	0.05795	0.06247	0.03587	0.05543	
192	0.82875	0.35673	0.44923	0.06456	0.03709	0.05832	0.06415	0.03869	0.05789	
193	0.84249	0.37121	0.45134	0.06166	0.03759	0.05751	0.06414	0.03668	0.05748	
194	0.83504	0.36581	0.45388	0.06373	0.0367	0.05751	0.05914	0.03865	0.05876	
195	0.84165	0.3621	0.46038	0.06291	0.03777	0.05709	0.06205	0.0477	0.05336	
196	0.84545	0.3642	0.46529	0.06249	0.03971	0.05751	0.06544	0.04428	0.05788	
197	0.85045	0.36913	0.45914	0.06628	0.04426	0.05583	0.065	0.03868	0.05917	
198	0.84961	0.37001	0.46285	0.06	0.03869	0.05583	0.06209	0.04432	0.06002	
199	0.85744	0.37461	0.46288	0.06415	0.0379	0.05707	0.06749	0.0388	0.0571	
200	0.85705	0.3796	0.47294	0.06209	0.04011	0.05709	0.06124	0.0371	0.06333	
201	0.86246	0.37583	0.46543	0.06334	0.03793	0.05875	0.05957	0.03922	0.05959	
202	0.86161	0.5117	0.47124	0.05959	0.03504	0.05876	0.05877	0.03707	0.05626	
203	1.00334	0.38792	0.47294	0.06127	0.03839	0.05875	0.06083	0.0392	0.05791	
204	0.88043	0.38458	0.4733	0.06458	0.03791	0.05583	0.05709	0.03794	0.05751	
205	0.88292	0.37707	0.47747	0.06373	0.03757	0.05544	0.06292	0.0396	0.05712	
206	0.87672	0.38171	0.47587	0.06082	0.03877	0.05752	0.05922	0.04522	0.05625	
207	0.88998	0.38623	0.47961	0.06251	0.03537	0.05749	0.06286	0.03791	0.05506	
208	0.8879	0.38624	0.48503	0.06168	0.03584	0.05913	0.06539	0.03796	0.0571	
209	0.9	0.38792	0.48875	0.06459	0.03621	0.06042	0.06124	0.03465	0.05833	
210	0.90741	0.39373	0.48586	0.07252	0.04828	0.0596	0.06791	0.03872	0.05916	
211	0.90245	0.39915	0.48959	0.06418	0.0375	0.05749	0.06582	0.03865	0.05878	
212	0.91302	0.40129	0.49289	0.06248	0.03701	0.05623	0.06457	0.04	0.05793	
213	0.92297	0.39995	0.49877	0.06793	0.03832	0.0554	0.06543	0.04566	0.05669	
214	0.92083	0.40378	0.49459	0.06167	0.04375	0.05749	0.06252	0.03877	0.05542	
215	0.92539	0.3996	0.49753	0.06085	0.03629	0.05582	0.05957	0.04575	0.05626	
216	0.93337	0.40375	0.4996	0.06502	0.03789	0.05792	0.06042	0.03583	0.05251	
217	0.93015	0.40461	0.50044	0.06165	0.04	0.05417	0.06379	0.03709	0.0546	
218	0.93791	0.40553	0.50125	0.06164	0.03796	0.05628	0.05958	0.04046	0.06039	
219	0.93913	0.40869	0.5025	0.05874	0.03536	0.05543	0.05958	0.04538	0.05709	
220	0.94544	0.40999	0.50332	0.06208	0.03752	0.05749	0.0617	0.03583	0.05502	
221	0.94418	0.41949	0.50876	0.06334	0.03673	0.05794	0.06169	0.04579	0.05455	
222	1.1329	0.4201	0.50957	0.06166	0.03875	0.05622	0.06122	0.03617	0.05665	
223	0.95082	0.41872	0.51707	0.06124	0.03885	0.05626	0.05999	0.0366	0.05917	
224	1.01705	0.42576	0.51959	0.06707	0.03575	0.06002	0.06581	0.03751	0.05664	
225	0.97712	0.42126	0.51833	0.06916	0.16998	0.05876	0.05957	0.03837	0.05918	
226	0.96709	0.41909	0.52045	0.06374	0.03798	0.05959	0.06043	0.03867	0.05626	
227	0.97633	0.42206	0.51919	0.05874	0.0371	0.05417	0.06126	0.03744	0.05625	
228	0.97248	0.42492	0.52206	0.06291	0.038	0.05792	0.06166	0.03791	0.05668	
229	0.98625	0.42632	0.52792	0.06624	0.03931	0.05916	0.06124	0.0379	0.05711	
230	0.99794	0.42488	0.52872	0.06541	0.0432	0.05664	0.06163	0.03628	0.05874	
231	0.9971	0.43667	0.52916	0.06123	0.03824	0.05751	0.06003	0.03461	0.0596	
232	0.99371	0.42874	0.53289	0.06083	0.03995	0.05375	0.06377	0.03336	0.0575	
233	0.98875	0.43208	0.5329	0.06418	0.03704	0.05582	0.0604	0.0374	0.05499	
234	0.9954	0.43125	0.54173	0.06621	0.03543	0.05709	0.05959	0.03754	0.0554	
235	1.01084	0.43377	0.72042	0.12793	0.09876	0.09957	0.06501	0.04971	0.06125	
236	1.00583	0.43878	0.54096	0.06126	0.03707	0.0575	0.05747	0.03884	0.05624	
237	1.03164	0.43959	0.54125	0.06459	0.0367	0.0575	0.06248	0.03752	0.05835	
238	0.99916	0.43874	0.5437	0.06831	0.03665	0.05792	0.06379	0.03708	0.05792	
239	1.02329	0.44001	0.54476	0.06164	0.03794	0.05373	0.06583	0.03825	0.05707	
240	1.02667	0.43833	0.54499	0.06002	0.03739	0.05622	0.06166	0.03838	0.05957	
241	1.02955	0.44877	0.55782	0.06415	0.03626	0.05748	0.06	0.03837	0.05833	
242	1.05335	0.4471	0.55216	0.06125	0.03667	0.05794	0.0612	0.03746	0.05496	
243	1.04254	0.4471	0.55754	0.0633	0.03505	0.05622	0.05667	0.03792	0.05752	
244	1.03836	0.44958	0.55921	0.06	0.03919	0.05334	0.05748	0.03715	0.05204	
245	1.03424	0.44206	0.55624	0.06003	0.04466	0.05748	0.06216	0.04202	0.05666	
246	1.04619	0.45746	0.55911	0.06415	0.03761	0.05544	0.06461	0.0371	0.05501	
247	1.04582	0.45835	0.56959	0.06416	0.03792	0.05708	0.06334	0.04588	0.05833	
248	1.05714	0.45713	0.56625	0.05873	0.03828	0.05626	0.05957	0.04815	0.05752	
249	1.06582	0.46252	0.56917	0.05957	0.03668	0.05749	0.06796	0.03918	0.05919	
250	1.0679	0.46664	0.57169	0.05918	0.0406	0.05669	0.06335	0.03757	0.05416	
251	1.06421	0.45546	0.57043	0.06291	0.03837	0.05626	0.05873	0.04321	0.05791	
252	1.05666	0.45835	0.57249	0.06332	0.03712	0.05543	0.06209	0.03618	0.05583	
253	1.07843	0.46002	0.5754	0.06041	0.03883	0.05751	0.05876	0.03581	0.05795	
254	1.07631	0.47084	0.57786	0.06251	0.03881	0.05585	0.06334	0.03755	0.05879	
255	1.08034	0.47041	0.5833	0.05838	0.03832	0.05668	0.06334	0.03792	0.05625	
256	1.12042	0.4779	0.58554	0.05999	0.03869	0.05789	0.07453	0.05415	0.06957	
257	1.11796	0.48541	0.59305	0.06374	0.03797	0.05461	0.06335	0.03753	0.05463	
258	1.10916	0.48375	0.59126	0.06126	0.03736	0.06041	0.06166	0.03707	0.05917	
259	1.11501	0.47715	0.59288	0.06834	0.03669	0.05752	0.06125	0.0412	0.05628	
260	1.10369	0.48158	0.59329	0.06085	0.03708	0.05792	0.065	0.03709	0.05626	
261	1.11671	0.48334	0.59575	0.06416	0.03745	0.05583	0.06208	0.03813	0.05877	
262	1.21167	0.49253	0.60958	0.0675	0.03789	0.05794	0.13872	0.05098	0.06332	
263	1.11455	0.48497	0.59586	0.06041	0.03797	0.05709	0.06003	0.03745	0.05752	
264	1.11166	0.72753	0.60331	0.06333	0.03835	0.05415	0.06333	0.04044	0.05753	
265	1.1204	0.4812	0.60164	0.06166	0.0425	0.05916	0.06334	0.0384	0.06039	
266	1.30593	0.4867	0.60083	0.05916	0.0392	0.05294	0.06252	0.03456	0.05917	
267	1.1362	0.48172	0.60081	0.06414	0.04033	0.05668	0.06375	0.05016	0.05955	
268	1.12203	0.48748	0.60582	0.06251	0.03576	0.05665	0.06127	0.04444	0.05874	
269	1.12875	0.49913	0.60916	0.06165	0.0388	0.05252	0.06335	0.0384	0.0575	
270	1.13341	0.4954	0.60668	0.05957	0.04095	0.05335	0.06247	0.03761	0.055	
271	1.13666	0.4996	0.62206	0.05581	0.04301	0.05836	0.05832	0.03792	0.05916	
272	1.14372	0.50711	0.61253	0.06167	0.03877	0.05584	0.06627	0.03917	0.05749	
273	1.13669	0.4933	0.61666	0.06126	0.03782	0.0575	0.06002	0.03709	0.0579	
274	1.15963	0.49835	0.61288	0.06208	0.04449	0.055	0.06332	0.04683	0.05455	
275	1.16001	0.49874	0.62208	0.06208	0.03665	0.05375	0.06248	0.03793	0.0546	
276	1.16749	0.50624	0.62501	0.06544	0.03709	0.05501	0.06123	0.0392	0.05792	
277	1.17037	0.49793	0.62501	0.06168	0.04137	0.05833	0.06086	0.04461	0.05792	
278	1.15795	0.50459	0.62417	0.06289	0.03535	0.05293	0.06163	0.04247	0.06085	
279	1.17584	0.52169	0.63125	0.06172	0.04087	0.0596	0.06041	0.03884	0.06167	
280	1.16873	0.51291	0.63043	0.06417	0.04254	0.05666	0.06582	0.04297	0.05789	
281	1.17624	0.50878	0.63295	0.06167	0.03966	0.05664	0.06167	0.03857	0.05832	
282	1.18084	0.50745	0.63502	0.06125	0.03673	0.05584	0.05872	0.03747	0.05873	
283	1.18161	0.51414	0.63877	0.06209	0.03625	0.05834	0.0621	0.03591	0.05709	
284	1.18499	0.52335	0.63956	0.05958	0.04145	0.05708	0.06209	0.03962	0.05584	
285	1.20831	0.52212	0.63961	0.06457	0.04164	0.05873	0.06003	0.04491	0.05458	
286	1.17994	0.52707	0.64451	0.06333	0.03913	0.05666	0.06121	0.04622	0.05917	
287	1.21082	0.53296	0.64914	0.06377	0.03666	0.05709	0.06582	0.03841	0.05753	
288	1.20209	0.52124	0.64621	0.06086	0.0362	0.0579	0.06167	0.0363	0.05541	
289	1.21918	0.52247	0.6467	0.05836	0.03591	0.05707	0.06335	0.03829	0.06042	
290	1.21077	0.53586	0.80002	0.06211	0.03658	0.05709	0.05878	0.03578	0.05832	
291	1.41786	0.52621	0.65166	0.06292	0.03957	0.05667	0.06124	0.04076	0.05627	
292	1.27538	0.52924	0.65749	0.06168	0.03876	0.05333	0.06959	0.04629	0.05917	
293	1.63872	0.53663	0.66623	0.14755	0.05081	0.06501	0.06921	0.05202	0.06166	
294	1.40708	0.55667	0.66537	0.06542	0.03795	0.05499	0.06415	0.03753	0.05791	
295	1.24209	0.53864	0.65749	0.06207	0.03872	0.05794	0.06665	0.05428	0.06706	
296	1.2738	0.91652	0.77796	0.12168	0.04042	0.07043	0.07918	0.17459	0.05914	
297	1.76831	0.54426	0.66796	0.06334	0.03671	0.05872	0.05954	0.03707	0.05542	
298	2.17293	0.57877	0.67327	0.06249	0.03543	0.05542	0.06039	0.03707	0.05584	
299	1.26672	0.60386	0.66837	0.06374	0.03711	0.0575	0.06459	0.04083	0.05791	
300	1.245	0.54589	0.66876	0.06332	0.03705	0.05666	0.06038	0.04175	0.05583	
301	1.26163	0.55044	0.67079	0.06626	0.03545	0.05709	0.06167	0.04222	0.05585	
302	1.25836	0.54702	0.68081	0.05959	0.03751	0.05707	0.06293	0.03794	0.05499	
303	1.2825	0.55002	0.67541	0.06122	0.03663	0.05875	0.06207	0.0354	0.05956	
304	1.28498	0.55704	0.67996	0.0637	0.03587	0.05625	0.06378	0.03667	0.0558	
305	1.29081	0.54832	0.67793	0.06541	0.04244	0.05831	0.06293	0.03922	0.0604	
306	1.46626	0.54874	0.68418	0.06462	0.03623	0.05626	0.06418	0.03757	0.05749	
307	1.27626	0.55427	0.69091	0.06543	0.03799	0.05542	0.06666	0.04123	0.05749	
308	1.52831	0.58581	0.69664	0.06664	0.04207	0.05584	0.06711	0.03914	0.06166	
309	1.30292	0.56913	0.68792	0.06208	0.03925	0.05627	0.0596	0.04025	0.05417	
310	1.3167	0.56581	0.68917	0.0646	0.03875	0.0554	0.06293	0.03964	0.05207	
311	1.30457	0.56832	0.69417	0.0612	0.03875	0.05586	0.05965	0.03626	0.05875	
312	1.29836	0.5667	0.69452	0.06164	0.04042	0.05538	0.06292	0.04032	0.05749	
313	1.30744	0.57541	0.69832	0.06166	0.03839	0.05624	0.05671	0.03626	0.05751	
314	1.32633	0.57584	0.70044	0.06337	0.03411	0.05624	0.06293	0.03708	0.05421	
315	1.33587	0.57538	0.70837	0.06041	0.03537	0.05583	0.05919	0.0379	0.05707	
316	1.33287	0.57546	0.70836	0.06208	0.0371	0.05917	0.07335	0.05214	0.065	
317	1.33213	0.56876	0.70583	0.06168	0.03334	0.0575	0.06002	0.03585	0.05707	
318	1.32584	0.57326	0.70872	0.06462	0.03792	0.05626	0.06417	0.04691	0.05833	
319	1.32759	0.57793	0.70587	0.0625	0.04649	0.05628	0.06086	0.04163	0.05791	
320	1.34418	0.58458	0.71415	0.06336	0.03584	0.05791	0.06084	0.03508	0.05748	
321	1.33752	0.57829	0.71248	0.06124	0.04012	0.05792	0.06168	0.03864	0.05751	
322	1.33412	0.57876	0.71786	0.06169	0.03666	0.05918	0.05834	0.0362	0.05622	
323	1.35	0.53044	0.71535	0.05999	0.0367	0.05622	0.06248	0.03542	0.05794	
324	1.35997	0.58458	0.72252	0.06209	0.03751	0.0562	0.06207	0.03698	0.05667	
325	1.36874	0.58998	0.73707	0.05834	0.03621	0.055	0.06251	0.0372	0.0575	
326	1.3621	0.58504	0.72218	0.06502	0.03834	0.0583	0.05623	0.03955	0.05584	
327	1.3508	0.56585	0.72625	0.06417	0.037	0.06209	0.05873	0.03661	0.05877	
328	1.3621	0.58873	0.73124	0.06249	0.04623	0.0571	0.06333	0.04213	0.05875	
329	1.37083	0.64752	0.72952	0.06083	0.04039	0.05542	0.06211	0.03917	0.05622	
330	1.36248	0.59667	0.73419	0.06497	0.03538	0.05667	0.06253	0.03624	0.05501	
331	1.3654	0.6	0.73792	0.06334	0.03961	0.05875	0.06129	0.03697	0.06046	
332	1.38505	0.58582	0.73579	0.05789	0.03907	0.05042	0.05957	0.03487	0.05756	
333	1.3846	0.59666	0.73835	0.0671	0.03759	0.05373	0.06079	0.03883	0.05374	
334	1.4092	0.60833	0.74332	0.05959	0.03836	0.05833	0.06127	0.03747	0.05709	
335	1.39462	0.6083	0.74371	0.06459	0.03708	0.05796	0.06455	0.03748	0.05711	
336	1.38582	0.60086	0.74751	0.05873	0.03786	0.05833	0.05957	0.04756	0.05872	
337	1.3925	0.60245	0.75124	0.06165	0.03547	0.06002	0.05998	0.03835	0.05584	
338	1.41785	0.61001	0.74834	0.06041	0.03544	0.05666	0.05999	0.0375	0.05791	
339	1.40876	0.61241	0.7571	0.06376	0.03799	0.05707	0.06129	0.03707	0.05708	
340	1.40469	0.61625	0.75331	0.0613	0.04163	0.05957	0.06165	0.04354	0.05503	
341	1.55671	0.62039	0.83999	0.06084	0.04035	0.05582	0.06041	0.0375	0.05792	
342	1.41801	0.61957	0.75999	0.06164	0.03623	0.05792	0.06123	0.0374	0.05918	
343	1.42328	0.62666	0.77499	0.06544	0.03789	0.05752	0.06168	0.04038	0.05959	
344	1.42829	0.62209	0.76417	0.06127	0.03458	0.05626	0.06585	0.03796	0.05499	
345	1.46921	0.62381	0.76997	0.06042	0.04001	0.05669	0.06253	0.03985	0.06038	
346	1.4204	0.62085	0.76335	0.06295	0.03792	0.05792	0.06455	0.03915	0.05876	
347	1.43876	0.61918	0.77044	0.06082	0.03796	0.05709	0.0596	0.04175	0.05836	
348	1.44337	0.61838	0.77083	0.06122	0.03878	0.05793	0.06627	0.03712	0.05957	
349	1.45376	0.62791	0.77167	0.06289	0.03499	0.0571	0.0596	0.03753	0.06	
350	1.48331	0.63499	0.7863	0.07081	0.04926	0.06376	0.06539	0.04246	0.05459	
351	1.44378	0.62007	0.77628	0.06245	0.03624	0.05668	0.06375	0.04364	0.0575	
352	1.48212	0.64334	0.77875	0.06256	0.03626	0.06042	0.05959	0.03538	0.05836	
353	1.45623	0.62667	0.78122	0.06252	0.03627	0.05665	0.06248	0.03492	0.05626	
354	1.47742	0.63749	0.78786	0.06042	0.03955	0.05708	0.06166	0.04081	0.05833	
355	1.46921	0.63797	0.79044	0.06084	0.03714	0.05667	0.06252	0.03792	0.05748	
356	1.48287	0.64962	0.79497	0.06585	0.03797	0.05795	0.06083	0.03795	0.05753	
357	1.45956	0.63831	0.79294	0.06086	0.03622	0.05877	0.06249	0.04219	0.05497	
358	1.51833	0.65252	0.79252	0.06335	0.03878	0.05664	0.06626	0.0453	0.05875	
359	1.49501	0.64204	0.79497	0.06296	0.03837	0.05874	0.06123	0.04089	0.05836	
360	1.49376	0.64043	0.80257	0.05956	0.03631	0.05753	0.0658	0.03926	0.05498	
361	1.4896	0.64325	0.79539	0.06582	0.03709	0.05542	0.0621	0.03829	0.05917	
362	1.50997	0.6504	0.92631	0.06498	0.03747	0.05544	0.0604	0.03792	0.05711	
363	1.74624	0.6508	0.80258	0.06047	0.03826	0.05627	0.05875	0.0371	0.05836	
364	1.58999	0.65252	0.80163	0.06377	0.03627	0.05459	0.06043	0.03783	0.05667	
365	1.50628	0.64629	0.80801	0.06498	0.03496	0.05583	0.06249	0.042	0.05832	
366	1.54333	0.89879	0.83545	0.06172	0.04453	0.0571	0.05751	0.03906	0.05752	
367	1.51124	0.64994	0.81005	0.05918	0.03534	0.05708	0.06206	0.03586	0.05711	
368	1.51497	0.66328	0.81294	0.06291	0.04703	0.05875	0.06209	0.04336	0.05752	
369	1.51789	0.65876	0.81123	0.05707	0.03671	0.05999	0.06372	0.03791	0.0554	
370	1.52669	0.66049	0.81666	0.06541	0.03624	0.055	0.06163	0.03967	0.06082	
371	1.53413	0.67379	0.81541	0.06249	0.03877	0.05708	0.06169	0.03956	0.05582	
372	1.53082	0.66085	0.81952	0.0617	0.03835	0.05623	0.0629	0.04216	0.05918	
373	1.54747	0.6782	0.82008	0.06209	0.03792	0.05958	0.06501	0.03581	0.05916	
374	1.56164	0.6712	0.83584	0.06501	0.04414	0.05538	0.06291	0.04092	0.05878	
375	1.57077	0.67856	0.82505	0.06085	0.04022	0.05751	0.06669	0.04422	0.05749	
376	1.54957	0.66288	0.8313	0.0571	0.03741	0.05959	0.06124	0.03623	0.05672	
377	1.56501	0.67415	0.8325	0.0621	0.03783	0.05662	0.06205	0.04519	0.06125	
378	1.55585	0.67541	0.83166	0.05994	0.03922	0.05959	0.06167	0.04336	0.05876	
379	1.5729	0.67881	0.83091	0.06209	0.04581	0.05583	0.0592	0.03849	0.05791	
380	1.56923	0.66002	0.83464	0.06252	0.03545	0.05753	0.05831	0.0375	0.05833	
381	1.58296	0.68171	0.83871	0.06045	0.03878	0.05499	0.06501	0.0454	0.06251	
382	1.61422	0.7167	0.84957	0.05916	0.03949	0.05377	0.06169	0.03911	0.05628	
383	1.60252	0.6896	0.84126	0.05584	0.03837	0.0571	0.06416	0.03715	0.05665	
384	1.60822	0.69955	0.8455	0.06082	0.03617	0.05667	0.06166	0.03628	0.05498	
385	1.59666	0.70165	0.84664	0.06624	0.03874	0.05622	0.06208	0.03416	0.05875	
386	1.61247	0.69832	0.85251	0.06458	0.03797	0.0596	0.06127	0.03966	0.0558	
387	1.60419	0.7079	0.85038	0.06333	0.03792	0.05666	0.05834	0.03955	0.05708	
388	1.61839	0.69709	0.85832	0.06376	0.03783	0.06125	0.06375	0.03621	0.05628	
389	1.67048	0.7092	0.86001	0.0617	0.03703	0.05833	0.06541	0.0399	0.05251	
390	1.61757	0.71462	0.89211	0.06291	0.03671	0.0579	0.06	0.03779	0.05791	
391	1.64079	0.70918	0.86416	0.06416	0.03793	0.05874	0.0596	0.03877	0.05375	
392	1.64334	0.71588	0.86791	0.06375	0.03866	0.05417	0.0633	0.03673	0.05711	
393	1.62451	0.71422	0.87665	0.06669	0.04004	0.05749	0.06583	0.04179	0.05543	
394	1.65498	0.7146	0.8679	0.06084	0.03506	0.05625	0.0629	0.0387	0.05668	
395	1.65788	0.71456	0.86622	0.05834	0.03704	0.05753	0.06669	0.03672	0.05707	
396	1.70743	0.74667	0.88292	0.06293	0.03793	0.0571	0.06834	0.03617	0.05667	
397	1.6655	0.71502	0.87581	0.06168	0.03786	0.05919	0.06039	0.03832	0.05462	
398	1.65239	0.70625	0.8717	0.05878	0.04558	0.0571	0.06251	0.03839	0.05792	
399	1.65163	0.72085	0.87833	0.06208	0.03702	0.05625	0.06292	0.03753	0.05627	
400	1.64539	0.72292	0.87831	0.06378	0.0407	0.05749	0.06417	0.03672	0.05583	
401	1.6608	0.72708	0.87915	0.06165	0.04418	0.05875	0.06752	0.04115	0.05793	
402	1.65828	0.72584	0.88126	0.06164	0.04265	0.06086	0.06209	0.04625	0.06374	
403	1.65876	0.72414	0.98873	0.06666	0.04409	0.06081	0.0617	0.04001	0.05626	
404	1.6812	0.72914	0.89081	0.06291	0.03629	0.05793	0.0654	0.04149	0.05501	
405	1.67199	0.74121	0.88416	0.06208	0.03878	0.05708	0.06376	0.0417	0.05792	
406	1.68335	0.73167	0.88916	0.06291	0.03665	0.05541	0.06079	0.03876	0.05503	
407	1.69748	0.73293	0.89212	0.06249	0.03747	0.05627	0.05917	0.03624	0.05128	
408	1.67874	0.73292	0.89334	0.06293	0.0395	0.05334	0.06293	0.03833	0.05876	
409	1.68754	0.73749	0.89707	0.06248	0.03463	0.05708	0.06252	0.04128	0.05913	
410	1.70165	0.7371	0.89502	0.05872	0.03629	0.05543	0.05712	0.0375	0.05792	
411	1.69544	0.74459	0.90043	0.06207	0.03581	0.05499	0.06292	0.0375	0.05459	
412	1.71036	0.74463	0.91204	0.07711	0.03917	0.05584	0.06413	0.04803	0.06123	
413	1.7271	0.75164	0.90253	0.06252	0.03503	0.05458	0.05999	0.03709	0.05665	
414	1.71797	0.74791	0.9179	0.06164	0.03666	0.0529	0.06207	0.03788	0.05751	
415	1.71042	0.74416	0.90915	0.06543	0.04461	0.05251	0.06169	0.0449	0.05914	
416	1.71244	0.75163	0.90959	0.06963	0.03668	0.05751	0.05712	0.0396	0.05874	
417	1.71463	0.74914	0.91542	0.06379	0.03668	0.05666	0.05875	0.04006	0.05957	
418	1.73042	0.75081	0.92373	0.06208	0.03701	0.05708	0.05875	0.04096	0.05959	
419	1.73666	0.76251	0.95537	0.07078	0.05088	0.06251	0.06416	0.04171	0.05667	
420	1.84707	0.77924	0.92208	0.06711	0.03992	0.05626	0.06001	0.03909	0.0571	
421	1.74126	0.75624	0.92502	0.06712	0.05094	0.06168	0.06335	0.03673	0.05584	
422	1.73082	0.75579	0.91958	0.06253	0.03739	0.05706	0.06131	0.03619	0.05624	
423	1.79999	0.76575	0.92169	0.06377	0.04575	0.05671	0.06043	0.03835	0.0575	
424	1.77626	0.75747	0.92455	0.06126	0.03461	0.05584	0.065	0.03918	0.05749	
425	1.76249	0.76749	0.92716	0.06207	0.03668	0.05961	0.06168	0.03827	0.05876	
426	1.76128	0.76501	0.93249	0.05623	0.03828	0.05749	0.06082	0.04589	0.05458	
427	1.73874	0.76923	0.93123	0.05999	0.03917	0.05419	0.06497	0.0358	0.05832	
428	1.76169	0.77499	0.93376	0.06248	0.04561	0.05834	0.06625	0.0371	0.05582	
429	1.86919	0.7817	0.94168	0.06664	0.04128	0.05623	0.06165	0.04535	0.05875	
430	1.7496	0.76626	0.94419	0.06083	0.03668	0.05791	0.06376	0.03921	0.05416	
431	1.74209	0.77337	0.94379	0.06292	0.03698	0.05585	0.06254	0.03568	0.0525	
432	1.77914	0.77954	0.95332	0.06462	0.03667	0.05667	0.06497	0.04808	0.05665	
433	1.77835	0.78672	0.95502	0.06579	0.04189	0.05541	0.06333	0.0358	0.05749	
434	1.78414	0.77833	0.95459	0.06542	0.04193	0.05873	0.06124	0.04046	0.05625	
435	1.79252	0.7805	1.10749	0.06169	0.04575	0.05417	0.06333	0.04298	0.05626	
436	1.80463	0.77833	0.95583	0.06042	0.03675	0.05795	0.06292	0.03836	0.05581	
437	1.7992	0.78635	0.9571	0.06126	0.04086	0.05499	0.06041	0.04874	0.05708	
438	1.80873	0.77199	0.96084	0.06834	0.03713	0.06001	0.06377	0.05043	0.05749	
439	1.81378	0.78625	0.95746	0.06541	0.0379	0.05669	0.0621	0.04688	0.05913	
440	1.81495	0.78372	0.95871	0.06208	0.03619	0.05622	0.06378	0.03885	0.05627	
441	1.81505	0.79461	0.96921	0.06332	0.0399	0.05919	0.06084	0.04074	0.05835	
442	1.80539	0.78697	0.97668	0.06331	0.03706	0.06001	0.06	0.04452	0.06125	
443	1.82081	0.79085	0.9783	0.06003	0.03953	0.05624	0.06462	0.0359	0.05751	
444	1.82	0.80102	0.97093	0.06506	0.03499	0.06333	0.06335	0.04289	0.05835	
445	1.84669	0.80375	0.97169	0.06085	0.04049	0.06	0.06208	0.03955	0.05625	
446	1.80751	0.79747	0.96955	0.06585	0.03587	0.05794	0.06458	0.03713	0.05707	
447	1.84669	0.79747	0.97711	0.06	0.03627	0.05748	0.06169	0.03754	0.05706	
448	1.85454	0.81748	0.98459	0.05912	0.03719	0.05956	0.06041	0.04117	0.05835	
449	1.84079	0.80542	0.98662	0.06334	0.03707	0.05667	0.06165	0.03751	0.06251	
450	1.84584	0.8046	1.06874	0.06252	0.04752	0.05875	0.0654	0.0408	0.05917	
451	1.89451	0.8241	1.00456	0.06336	0.04854	0.06204	0.0629	0.0447	0.05669	
452	1.88336	0.81212	0.98171	0.05961	0.0346	0.06124	0.06332	0.04252	0.0596	
453	1.86958	0.83133	1.01002	0.06043	0.04259	0.05457	0.06588	0.03835	0.05752	
454	1.88006	0.81503	0.9979	0.06252	0.03825	0.05668	0.06209	0.03657	0.05753	
455	1.86791	0.81368	1.00002	0.06166	0.03667	0.05832	0.06416	0.04044	0.05583	
456	1.88953	0.82205	0.995	0.06583	0.03626	0.05542	0.06289	0.04299	0.05999	
457	1.89545	0.83041	0.99335	0.06419	0.03753	0.05708	0.06332	0.03624	0.05626	
458	1.89625	0.81586	0.99332	0.05917	0.04127	0.06249	0.06417	0.03835	0.05583	
459	1.90999	0.83415	0.99539	0.06874	0.03674	0.05586	0.0604	0.04414	0.05585	
460	1.91628	0.84376	1.01001	0.06667	0.03785	0.06083	0.06213	0.03745	0.05958	
461	1.86916	0.82169	1.00208	0.06247	0.0375	0.05874	0.06166	0.03741	0.05837	
462	1.89374	0.83254	1.0184	0.06126	0.03826	0.06041	0.06206	0.04136	0.05291	
463	1.89745	0.78748	1.00546	0.06206	0.04379	0.0542	0.06166	0.04249	0.05832	
464	1.88625	0.82044	1.00043	0.06043	0.04192	0.05958	0.06124	0.04508	0.05542	
465	1.8808	0.82374	1.00333	0.06333	0.04294	0.05665	0.06037	0.03912	0.05751	
466	1.90459	0.82501	1.01247	0.06248	0.03716	0.05583	0.06085	0.03833	0.05833	
467	1.89915	0.84045	1.01374	0.05875	0.04488	0.05708	0.06332	0.04127	0.05668	
468	1.91458	0.82418	1.01121	0.06335	0.03962	0.05795	0.06079	0.03959	0.05705	
469	1.92078	0.82795	1.01664	0.06373	0.03669	0.05666	0.0625	0.03871	0.05498	
470	1.93051	0.82834	1.01666	0.06167	0.03715	0.05584	0.06124	0.03782	0.05747	
471	1.93789	0.83454	1.02292	0.05831	0.04305	0.05582	0.06416	0.03794	0.05795	
472	1.9196	0.82375	1.0179	0.06585	0.0351	0.05624	0.06627	0.03666	0.0567	
473	1.94709	0.91787	1.11046	0.06583	0.04703	0.05706	0.06125	0.04382	0.05374	
474	1.91081	0.82373	1.02295	0.06123	0.03832	0.05834	0.06084	0.03585	0.05875	
475	1.93127	0.82086	1.02505	0.06042	0.04054	0.0604	0.06289	0.03952	0.05748	
476	1.92706	0.81794	1.03002	0.05746	0.037	0.05707	0.06124	0.03413	0.05293	
477	1.93503	0.84917	1.03251	0.05961	0.04101	0.05791	0.06538	0.04661	0.05791	
478	1.94244	0.83919	1.03704	0.06331	0.03865	0.05792	0.06124	0.03535	0.05749	
479	2.06749	0.83754	1.03544	0.0633	0.03626	0.0575	0.06206	0.04051	0.05834	
480	1.97459	0.83329	1.03876	0.05709	0.03756	0.0579	0.06124	0.037	0.05669	
481	1.95335	0.81501	1.04367	0.05791	0.03456	0.05793	0.06458	0.03467	0.06043	
482	1.95963	0.8558	1.06288	0.06126	0.03622	0.05667	0.06374	0.0375	0.05418	
483	1.99085	0.84376	1.04251	0.06372	0.0359	0.05789	0.06049	0.03464	0.05706	
484	1.96668	0.84292	1.04708	0.06457	0.04075	0.05959	0.05997	0.04083	0.05749	
485	1.99541	0.86538	1.04799	0.06169	0.04256	0.05582	0.06083	0.0462	0.05456	
486	2.00958	0.86834	1.04573	0.0592	0.03665	0.0579	0.05832	0.03833	0.05502	
487	1.9829	0.86378	1.04966	0.06083	0.03882	0.05707	0.06499	0.03813	0.05501	
488	1.99662	0.8608	1.05212	0.06208	0.03746	0.05874	0.06166	0.03908	0.05795	
489	1.99583	0.86251	1.05997	0.06295	0.0396	0.05667	0.06249	0.0395	0.05915	
490	2.00582	0.8671	1.06998	0.06374	0.03585	0.05417	0.06083	0.03418	0.05832	
491	1.99959	0.86752	1.06165	0.06042	0.04047	0.0579	0.0604	0.03802	0.05667	
492	1.99541	0.88462	1.07381	0.06206	0.03745	0.05787	0.06041	0.03708	0.05834	
493	2.17372	0.95328	1.07122	0.05916	0.04761	0.055	0.06335	0.04371	0.05751	
494	2.05412	0.88205	1.07292	0.05786	0.03715	0.05502	0.06206	0.03834	0.05709	
495	2.00547	0.88375	1.07625	0.06003	0.03927	0.06002	0.06208	0.03797	0.05502	
496	2.04752	0.90003	1.08544	0.06251	0.03796	0.05875	0.06249	0.03372	0.05208	
497	2.05539	0.8946	1.07621	0.06459	0.03872	0.05874	0.06038	0.03796	0.05833	
498	2.03332	0.88959	1.0746	0.06337	0.03835	0.05706	0.06083	0.03417	0.0575	
499	2.03712	0.89206	1.07997	0.06248	0.0358	0.05538	0.06126	0.04535	0.05504	
500	2.05084	0.8912	1.0816	0.06462	0.03752	0.05787	0.06044	0.03669	0.05708	
501	2.0375	0.89088	1.08631	0.06499	0.03957	0.06082	0.06208	0.0395	0.05836	
502	2.04999	0.89581	1.09	0.06539	0.03961	0.0567	0.06419	0.0362	0.05541	
503	2.05953	0.89416	1.08167	0.06209	0.03705	0.05667	0.05999	0.0374	0.06086	
504	2.06338	0.90586	1.09958	0.06666	0.03754	0.05751	0.05958	0.04085	0.05582	
505	2.05917	0.90709	1.09917	0.06501	0.03547	0.05916	0.06627	0.03703	0.05837	
506	2.05969	0.92337	1.09585	0.06832	0.04133	0.05667	0.06292	0.03708	0.06084	
507	2.06918	0.90125	1.09421	0.06708	0.05162	0.0567	0.06289	0.03698	0.05627	
508	2.07042	0.90711	1.09664	0.06709	0.0379	0.05751	0.06627	0.0338	0.05706	
509	2.07414	0.90914	1.09747	0.06873	0.03752	0.05543	0.06292	0.03751	0.05753	
510	2.07664	0.91036	1.10287	0.06706	0.03836	0.06	0.06418	0.04036	0.05625	
511	2.09747	0.91251	1.10458	0.06917	0.03997	0.05712	0.06457	0.03449	0.05749	
512	2.10206	0.92018	1.10916	0.06587	0.03702	0.05916	0.06419	0.03716	0.05751	
513	2.12244	0.9279	1.13254	0.06708	0.04082	0.0621	0.06372	0.03788	0.06414	
514	2.11497	0.92212	1.11582	0.07248	0.03964	0.05629	0.06501	0.04008	0.05457	
515	2.17002	0.91409	1.10877	0.06293	0.04204	0.05666	0.06499	0.03881	0.05249	
516	2.10166	0.91545	1.11377	0.0671	0.03961	0.05753	0.06543	0.04166	0.05458	
517	3.06794	0.93912	1.11376	0.07127	0.04162	0.05628	0.06172	0.03822	0.05753	
518	2.09668	0.92145	1.11041	0.06708	0.0375	0.05792	0.06372	0.0371	0.05754	
519	2.12331	0.92201	1.11877	0.06712	0.03828	0.05536	0.06084	0.0383	0.05996	
520	2.11457	0.92339	1.11875	0.06914	0.03835	0.0575	0.06208	0.03791	0.05624	
521	2.11204	0.93546	1.13	0.06915	0.03962	0.05749	0.06333	0.03795	0.05997	
522	2.11587	0.93289	1.13204	0.06378	0.03953	0.05671	0.06124	0.03877	0.05416	
523	2.1375	0.93049	1.14585	0.06293	0.0397	0.05707	0.06292	0.03832	0.05915	
524	2.135	0.93137	1.12831	0.06669	0.03789	0.05292	0.06835	0.03534	0.05543	
525	2.14079	0.93492	1.1271	0.065	0.03792	0.05626	0.06083	0.0353	0.05917	
526	2.14253	0.93509	1.13585	0.06587	0.03663	0.05833	0.06208	0.03502	0.05625	
527	2.15453	1.09796	1.14208	0.06334	0.03584	0.05458	0.06582	0.03878	0.05832	
528	2.15789	0.93705	1.1358	0.06831	0.03736	0.05419	0.06578	0.03908	0.06081	
529	2.17497	0.94047	1.1433	0.06956	0.04076	0.05786	0.05876	0.03797	0.05791	
530	2.16453	0.94212	1.14048	0.06667	0.03793	0.05667	0.06205	0.03749	0.06	
531	2.17914	0.94335	1.14002	0.06999	0.03503	0.05621	0.0642	0.03662	0.05375	
532	2.18124	0.94912	1.14912	0.06584	0.03712	0.05667	0.06046	0.03546	0.05751	
533	2.20171	1.06752	1.14533	0.07205	0.03716	0.05876	0.06503	0.03703	0.05874	
534	2.19668	0.95296	1.14794	0.06624	0.04424	0.05538	0.06371	0.04189	0.05625	
535	2.18541	0.94872	1.15205	0.06667	0.03836	0.05668	0.06458	0.03671	0.05832	
536	2.20833	0.95249	1.15542	0.07042	0.04287	0.05744	0.0621	0.04084	0.05543	
537	2.22752	1.14668	1.17408	0.06917	0.04713	0.05796	0.06085	0.04525	0.05624	
538	2.21203	0.9683	1.16293	0.06416	0.03628	0.05541	0.06418	0.03876	0.05708	
539	2.21677	0.95957	1.16034	0.07293	0.03755	0.0608	0.06834	0.04213	0.05626	
540	2.21125	0.9596	1.40334	0.07294	0.03631	0.05711	0.06336	0.0367	0.05793	
541	2.2096	0.96082	1.16247	0.06957	0.03873	0.05795	0.06084	0.03833	0.05791	
542	2.22166	0.97499	1.17292	0.06626	0.03835	0.0575	0.05957	0.04282	0.05747	
543	2.22876	0.96746	1.17085	0.06667	0.03739	0.05585	0.06379	0.03911	0.05668	
544	2.22829	0.96834	1.17004	0.06585	0.03747	0.05586	0.06376	0.03871	0.05666	
545	2.24333	0.9746	1.17173	0.06623	0.04174	0.05662	0.06459	0.04043	0.05789	
546	2.22959	0.97414	1.17584	0.06416	0.03751	0.05874	0.06333	0.03711	0.05751	
547	2.30622	0.9804	1.18507	0.06835	0.03748	0.05876	0.06208	0.03664	0.05834	
548	2.24581	0.9758	1.18498	0.06457	0.04037	0.05665	0.06333	0.04169	0.05875	
549	2.26046	0.97458	1.37004	0.06416	0.0432	0.06	0.06165	0.04618	0.05541	
550	2.24132	0.97458	1.18257	0.06586	0.03968	0.0583	0.06129	0.04431	0.05876	
551	2.24329	0.98794	1.19293	0.06416	0.03793	0.05504	0.06205	0.04111	0.05627	
552	2.70797	0.97628	1.1866	0.06541	0.03675	0.05541	0.0625	0.03495	0.05501	
553	2.25368	0.98456	1.18454	0.06624	0.03614	0.0579	0.06374	0.03872	0.05583	
554	2.27461	0.98544	1.18755	0.06335	0.03698	0.05913	0.06541	0.03752	0.05583	
555	2.27993	0.98675	1.1917	0.06627	0.03998	0.0604	0.05999	0.04551	0.05663	
556	2.27961	0.98876	1.1966	0.06833	0.03836	0.05665	0.06291	0.03839	0.05751	
557	2.27416	0.98839	1.19375	0.06501	0.04118	0.06038	0.06375	0.03872	0.05666	
558	2.29128	1.00835	1.20171	0.06789	0.04302	0.05381	0.06626	0.0401	0.05666	
559	2.28124	0.99831	1.20373	0.06418	0.04005	0.05749	0.06416	0.03621	0.05831	
560	2.29791	1.11996	1.20158	0.07082	0.03663	0.05629	0.06499	0.03703	0.05795	
561	2.31795	1.00127	1.20876	0.06708	0.04043	0.05666	0.06458	0.03746	0.05877	
562	2.30165	0.99668	1.2013	0.06668	0.04302	0.05751	0.05914	0.0396	0.05585	
563	2.29913	0.99746	1.20338	0.06959	0.03838	0.05871	0.06085	0.03586	0.05584	
564	2.30252	1.0179	1.22209	0.06668	0.04077	0.05877	0.05831	0.03751	0.05751	
565	2.33083	1.00625	1.21294	0.06457	0.04806	0.05708	0.06292	0.04166	0.05624	
566	2.31467	1.00665	1.22333	0.0679	0.04116	0.06127	0.06332	0.03876	0.05749	
567	2.2967	1.00668	1.21705	0.06582	0.03582	0.06041	0.06168	0.03965	0.05375	
568	2.30421	1.01295	1.21836	0.07125	0.03874	0.05335	0.06038	0.0466	0.06083	
569	2.30326	1.00787	1.22366	0.06627	0.04808	0.0608	0.06251	0.03798	0.05581	
570	2.31883	1.01126	1.22535	0.06333	0.04073	0.05666	0.06579	0.03958	0.055	
571	2.32167	1.02668	1.22458	0.0675	0.0392	0.05833	0.05959	0.03918	0.0575	
572	2.30006	1.01291	1.22787	0.06501	0.03792	0.05791	0.06211	0.03464	0.05462	
573	2.33455	1.0208	1.23115	0.06751	0.03834	0.05543	0.06417	0.04035	0.06001	
574	2.34075	1.02127	1.22915	0.06289	0.03912	0.05458	0.06337	0.03844	0.05707	
575	2.34206	1.17033	1.2571	0.07542	0.0396	0.05666	0.06292	0.03712	0.06123	
576	2.36197	1.02619	1.23462	0.06375	0.03748	0.05586	0.0575	0.04166	0.05585	
577	2.36288	1.038	1.23498	0.0625	0.03951	0.05666	0.06412	0.0443	0.05667	
578	2.36752	1.03508	1.24169	0.06457	0.05087	0.05918	0.06205	0.04073	0.05749	
579	2.36662	1.03328	1.25877	0.06543	0.04442	0.05957	0.0596	0.04044	0.05417	
580	2.37829	1.03257	1.24253	0.06543	0.03963	0.05331	0.06289	0.03584	0.05705	
581	2.37793	1.0412	1.24538	0.07211	0.03621	0.05127	0.0621	0.03504	0.05585	
582	2.37798	1.03962	1.2475	0.06709	0.03453	0.05542	0.06209	0.04539	0.05996	
583	2.38379	1.03791	1.24665	0.06752	0.03955	0.05835	0.06124	0.03913	0.05707	
584	2.51213	1.09876	1.26541	0.06999	0.04261	0.05501	0.06332	0.03582	0.05708	
585	2.35918	1.03875	1.29711	0.06873	0.04395	0.05834	0.06167	0.04124	0.05876	
586	2.36915	1.03837	1.25123	0.06746	0.04042	0.05626	0.06044	0.03864	0.05664	
587	2.36837	1.03809	1.25419	0.06289	0.03746	0.05875	0.06457	0.03876	0.05706	
588	2.58671	1.04966	1.25709	0.06625	0.03952	0.0579	0.065	0.04046	0.0579	
589	2.61375	1.1796	1.26211	0.06793	0.03632	0.05538	0.06375	0.0457	0.05669	
590	2.4059	1.04643	1.40377	0.06667	0.03675	0.05919	0.05791	0.03496	0.05879	
591	2.405	1.04671	1.26337	0.06208	0.04416	0.05706	0.06459	0.04856	0.05666	
592	2.41001	1.04951	1.26669	0.06374	0.03916	0.05666	0.05919	0.04373	0.05584	
593	2.41207	1.05627	1.2679	0.07211	0.03756	0.0558	0.06084	0.0366	0.0575	
594	2.4083	1.05455	1.2729	0.06709	0.03911	0.05752	0.06254	0.03717	0.0596	
595	2.41293	1.05583	1.2825	0.06459	0.03791	0.0546	0.05998	0.03544	0.05916	
596	2.4046	1.05751	1.27251	0.06458	0.03756	0.0563	0.06373	0.03581	0.0575	
597	2.47673	1.06252	1.27794	0.06503	0.04412	0.05831	0.06707	0.05073	0.06083	
598	2.42915	1.07039	1.28168	0.06541	0.03835	0.05833	0.05877	0.03783	0.0554	
599	2.4496	1.06749	1.27961	0.06874	0.0397	0.05961	0.0621	0.04043	0.06378	
600	2.43792	1.07	1.28873	0.06792	0.0375	0.05833	0.06125	0.03839	0.05751	
601	2.44369	1.06921	1.28964	0.06621	0.03835	0.05497	0.06378	0.03582	0.05751	
602	2.46833	1.07293	1.28499	0.06585	0.03499	0.05541	0.06294	0.03712	0.05582	
603	2.51914	1.09833	1.29799	0.07504	0.04225	0.05878	0.06209	0.03876	0.05915	
604	2.43957	1.07081	1.29418	0.06668	0.0363	0.05959	0.06207	0.04117	0.05335	
605	2.44957	1.07042	1.29663	0.06666	0.03499	0.05709	0.30958	0.04242	0.06084	
606	2.45206	1.07539	1.29339	0.06749	0.04299	0.05671	0.06378	0.0438	0.05874	
607	2.47377	1.08211	1.2979	0.06374	0.0388	0.05711	0.06415	0.03628	0.05792	
608	2.46627	1.07787	1.32369	0.06375	0.03879	0.05957	0.06293	0.03579	0.05666	
609	2.46289	1.07538	1.29964	0.06879	0.03676	0.05708	0.06419	0.03959	0.05831	
610	2.46542	1.09001	1.3071	0.07583	0.0354	0.05459	0.06168	0.04035	0.05708	
611	2.47082	1.0829	1.31456	0.06585	0.04225	0.05374	0.06042	0.03959	0.05415	
612	2.48124	1.09581	1.30543	0.06876	0.03951	0.05706	0.06084	0.03794	0.05249	
613	2.49415	1.09667	1.31664	0.06663	0.05013	0.05374	0.06165	0.04358	0.05961	
614	2.50541	1.08667	1.30917	0.0721	0.03421	0.0579	0.06253	0.03832	0.05417	
615	2.50376	1.08663	1.3162	0.06625	0.03412	0.05915	0.0629	0.03535	0.05544	
616	2.4916	1.0946	1.32083	0.06875	0.03922	0.05835	0.06706	0.03489	0.05792	
617	2.51343	1.09078	1.50545	0.06208	0.03871	0.05623	0.06252	0.03703	0.05666	
618	2.52501	1.10637	1.33492	0.06625	0.04484	0.05706	0.06623	0.03973	0.05626	
619	2.50289	1.09296	1.32176	0.06581	0.04171	0.05832	0.06127	0.03669	0.05166	
620	2.51249	1.09416	1.32331	0.06794	0.03797	0.05791	0.06002	0.0493	0.05791	
621	2.52291	1.09704	1.32293	0.07002	0.0409	0.05585	0.06457	0.03828	0.05831	
622	2.50549	1.1	1.3283	0.06586	0.04421	0.0579	0.06205	0.03966	0.05377	
623	2.52665	1.10585	1.32875	0.06373	0.03865	0.05708	0.06211	0.03758	0.05583	
624	2.53049	1.1017	1.32991	0.06874	0.03626	0.05956	0.0625	0.0379	0.06042	
625	2.54541	1.11214	1.33666	0.06125	0.03835	0.05874	0.06292	0.03622	0.05375	
626	2.54046	1.11259	1.3383	0.0704	0.03622	0.05584	0.06501	0.03576	0.06	
627	2.65955	1.13379	1.35002	0.0721	0.04539	0.0563	0.06832	0.04921	0.05667	
628	2.56331	1.11038	1.34333	0.06625	0.03745	0.05916	0.0646	0.03782	0.05999	
629	2.56829	1.11216	1.34171	0.06753	0.03792	0.05458	0.06083	0.03628	0.0558	
630	2.57415	1.11416	1.34543	0.06585	0.03757	0.05585	0.06123	0.03835	0.05664	
631	2.57045	1.11334	1.34874	0.06836	0.04838	0.05874	0.06542	0.04348	0.05999	
632	2.56462	1.11838	1.35286	0.06206	0.03871	0.05664	0.05791	0.03875	0.05752	
633	2.5896	1.12002	1.35374	0.06332	0.03503	0.06124	0.06376	0.03868	0.05584	
634	2.57917	1.12415	1.35209	0.06873	0.04488	0.05705	0.06669	0.04373	0.05292	
635	2.59123	1.12754	1.35338	0.06917	0.03913	0.05459	0.0625	0.0371	0.05668	
636	2.59343	1.12293	1.35337	0.06374	0.04523	0.05831	0.06125	0.03879	0.05793	
637	2.59029	1.12833	1.36998	0.07333	0.03875	0.05791	0.06248	0.04172	0.05664	
638	2.60083	1.13164	1.36371	0.06753	0.04922	0.05878	0.06003	0.04533	0.05919	
639	2.61621	1.14252	1.3717	0.06584	0.04125	0.05958	0.06541	0.03706	0.05627	
640	2.60543	1.13498	1.36956	0.06918	0.0514	0.05751	0.06295	0.03965	0.05999	
641	2.63588	1.13168	1.36834	0.06374	0.03945	0.06125	0.07538	0.03612	0.05999	
642	2.61378	1.1363	1.37164	0.06209	0.03556	0.05496	0.06085	0.04077	0.05626	
643	2.6175	1.13752	1.37331	0.0675	0.03698	0.05547	0.05919	0.03582	0.05708	
644	2.62248	1.13749	1.37075	0.06374	0.03924	0.05999	0.06546	0.0363	0.05628	
645	2.61625	1.13875	1.38169	0.06753	0.0407	0.05585	0.05917	0.04357	0.0562	
646	2.62997	1.14202	1.42831	0.06663	0.04545	0.05831	0.06291	0.03867	0.05498	
647	2.84665	1.1387	1.38624	0.06958	0.04072	0.05708	0.06376	0.04328	0.05874	
648	2.64288	1.16037	1.37958	0.06331	0.03631	0.05664	0.06082	0.03963	0.05459	
649	2.64871	1.1487	1.53788	0.07168	0.03623	0.05752	0.06544	0.03834	0.0575	
650	2.65749	1.14457	1.38413	0.06787	0.03694	0.05956	0.0596	0.03873	0.05957	
651	2.64957	1.14871	1.38836	0.07126	0.03702	0.05539	0.06207	0.03749	0.05584	
652	2.65293	1.15083	1.38754	0.07079	0.03713	0.05995	0.06252	0.03754	0.05709	
653	2.64674	1.15086	1.39752	0.06959	0.03834	0.06079	0.06458	0.04399	0.05792	
654	2.66253	1.29049	1.38749	0.06628	0.04522	0.05623	0.06457	0.03997	0.05666	
655	2.65833	1.15373	1.39043	0.0675	0.03538	0.05915	0.06374	0.03785	0.05916	
656	2.67585	1.15874	1.39462	0.06877	0.03589	0.05582	0.06585	0.03705	0.05918	
657	2.68164	1.15791	1.40129	0.06959	0.03498	0.05789	0.0617	0.03774	0.05834	
658	2.68794	1.16334	1.40333	0.06708	0.04204	0.05877	0.06001	0.04679	0.05457	
659	2.66204	1.16512	1.40668	0.06959	0.03948	0.05917	0.06083	0.04369	0.05917	
660	2.67919	1.16464	1.45582	0.06501	0.0374	0.05542	0.06332	0.03909	0.06167	
661	2.68165	1.17252	1.40373	0.06376	0.03747	0.05587	0.06083	0.0367	0.05873	
662	2.70166	1.16947	1.40793	0.06875	0.04046	0.05333	0.06625	0.04467	0.05874	
663	2.7113	1.16997	1.41706	0.06956	0.0399	0.05623	0.06374	0.03796	0.05875	
664	2.70543	1.1714	1.41505	0.06208	0.03671	0.0575	0.06328	0.03839	0.06041	
665	2.70244	1.17496	1.41584	0.06666	0.04002	0.0567	0.0617	0.03826	0.05504	
666	2.7154	1.17377	1.42412	0.06753	0.03831	0.05669	0.06206	0.03628	0.05665	
667	2.7112	1.17837	1.41833	0.06294	0.03842	0.05958	0.06043	0.03874	0.055	
668	2.70791	1.18164	1.42127	0.06458	0.04052	0.05664	0.06456	0.03548	0.05713	
669	2.73625	1.18079	1.41996	0.06915	0.03757	0.05792	0.06501	0.03668	0.04875	
670	2.72166	1.18293	1.42006	0.06877	0.03825	0.05624	0.06668	0.03672	0.05667	
671	2.73705	1.1862	1.43499	0.06498	0.03741	0.05914	0.06	0.04547	0.05502	
672	2.74253	1.18752	1.43461	0.06584	0.03912	0.0575	0.06293	0.03987	0.05669	
673	2.72459	1.30494	1.43081	0.06668	0.04087	0.05829	0.05832	0.03662	0.05916	
674	2.72628	1.19078	1.43207	0.06454	0.04366	0.05625	0.06163	0.04958	0.05539	
675	2.74211	1.19292	1.4384	0.06666	0.03923	0.05961	0.06166	0.03499	0.05748	
676	2.73665	1.19793	1.44159	0.06207	0.03541	0.055	0.06334	0.03753	0.05705	
677	2.75251	1.20456	1.44166	0.06288	0.0383	0.05416	0.06584	0.03458	0.05416	
678	2.76537	1.20458	1.44751	0.07085	0.0375	0.05747	0.06292	0.03624	0.05834	
679	2.76828	1.20162	1.44042	0.06457	0.04254	0.05583	0.05788	0.04789	0.05584	
680	2.78247	1.19959	1.44492	0.06746	0.037	0.05916	0.06088	0.04344	0.05788	
681	2.77461	1.19999	1.44751	0.06833	0.03749	0.05498	0.06248	0.03751	0.05623	
682	2.79376	1.20417	1.44916	0.07253	0.03661	0.06249	0.05921	0.03829	0.05667	
683	2.77918	1.20212	1.45415	0.06623	0.03953	0.0579	0.06169	0.03751	0.06001	
684	2.77546	1.20378	1.45496	0.05833	0.03847	0.05833	0.0596	0.03707	0.05879	
685	2.79623	1.20585	1.45503	0.16628	0.03709	0.05541	0.065	0.03752	0.05708	
686	2.98455	1.20835	1.45799	0.06627	0.04044	0.05664	0.06085	0.0397	0.05878	
687	2.80959	1.26915	1.45705	0.06836	0.03878	0.05707	0.05666	0.04249	0.05668	
688	2.78953	1.21503	1.45833	0.06835	0.03866	0.05623	0.05958	0.03697	0.05666	
689	2.81419	1.21421	1.46672	0.06832	0.03783	0.05626	0.06876	0.03582	0.05625	
690	2.81083	1.21745	1.46871	0.06665	0.03744	0.06125	0.06459	0.04729	0.05542	
691	2.81084	1.21746	1.46498	0.06503	0.03913	0.05832	0.06166	0.04065	0.05709	
692	2.81003	1.22082	1.46792	0.06545	0.03907	0.05957	0.0629	0.03718	0.05794	
693	2.80625	1.22751	1.46702	0.06917	0.03871	0.0563	0.06208	0.03959	0.05252	
694	2.82664	1.21879	1.47289	0.06873	0.03958	0.0583	0.06168	0.03799	0.05668	
695	2.83702	1.22087	1.47583	0.06668	0.03799	0.05625	0.06122	0.03716	0.05667	
696	2.83541	1.2279	1.48294	0.06582	0.04041	0.05333	0.0675	0.03964	0.05665	
697	2.83955	1.23418	1.48425	0.06751	0.03956	0.05957	0.05667	0.03822	0.05874	
698	2.84373	1.22457	1.4858	0.0696	0.03793	0.05543	0.06334	0.04491	0.05667	
699	2.83212	1.23501	1.48333	0.07333	0.03833	0.05666	0.05997	0.03705	0.05792	
700	2.94701	1.2292	1.48961	0.07291	0.0417	0.055	0.06164	0.03748	0.0596	
701	2.85244	1.2316	1.49289	0.06793	0.03745	0.05834	0.06502	0.03664	0.05709	
702	2.86419	1.23629	1.49918	0.07208	0.03746	0.0579	0.05875	0.04964	0.05836	
703	2.85921	1.24042	1.49336	0.06583	0.03785	0.05584	0.05918	0.03717	0.05707	
704	2.87286	1.24082	1.49793	0.06542	0.03751	0.05835	0.06456	0.04193	0.05789	
705	2.85411	1.49416	1.50706	0.0679	0.03955	0.05542	0.0625	0.03991	0.05875	
706	2.87705	1.24751	1.50586	0.06249	0.04412	0.05584	0.06041	0.03831	0.05665	
707	2.90706	1.25507	1.51331	0.06334	0.04024	0.05961	0.05874	0.04836	0.05792	
708	2.86287	1.25081	1.51834	0.06581	0.0469	0.05542	0.06374	0.04079	0.06001	
709	2.90044	1.26461	1.51748	0.06796	0.03879	0.05998	0.06294	0.03378	0.05835	
710	2.91171	1.24992	1.50457	0.06748	0.04002	0.05665	0.06166	0.03787	0.05664	
711	2.99547	1.25414	1.50956	0.06581	0.03642	0.05918	0.06415	0.03869	0.05625	
712	2.89624	1.25499	1.50833	0.06833	0.04162	0.05627	0.06002	0.04128	0.05667	
713	2.87621	1.2579	1.51002	0.06295	0.03891	0.05793	0.06209	0.04087	0.05582	
714	2.90537	1.43368	1.72334	0.06541	0.03948	0.05957	0.06254	0.03875	0.0579	
715	3.0729	1.2575	1.52333	0.07335	0.03873	0.05581	0.06295	0.03836	0.05959	
716	2.89706	1.25873	1.52829	0.06626	0.03881	0.0575	0.06123	0.04275	0.05835	
717	2.93456	1.27164	1.52331	0.06833	0.04471	0.05705	0.06206	0.0488	0.05627	
718	2.90832	1.26124	1.52587	0.06582	0.03964	0.05796	0.06334	0.03876	0.05792	
719	2.90127	1.26369	1.52792	0.06209	0.03759	0.05585	0.0625	0.03755	0.05627	
720	3.08054	1.26964	1.52881	0.0654	0.0417	0.05711	0.06379	0.03799	0.05791	
721	3.07918	1.26831	1.53131	0.06334	0.0455	0.05582	0.06541	0.03779	0.05375	
722	2.94215	1.26583	1.53252	0.0692	0.03993	0.0579	0.06251	0.03704	0.06166	
723	2.9512	1.27542	1.53423	0.07002	0.04132	0.05709	0.06293	0.04516	0.05875	
724	2.94172	1.28837	1.53957	0.06626	0.04079	0.05958	0.06041	0.03664	0.05792	
725	2.94542	1.28537	1.54412	0.0654	0.03794	0.05788	0.06497	0.03916	0.05751	
726	2.94371	1.28379	1.54041	0.0675	0.03807	0.06001	0.06209	0.03783	0.0554	
727	2.95877	1.30085	1.56091	0.06582	0.03771	0.05874	0.06625	0.03629	0.05752	
728	2.95252	1.28954	1.54337	0.06832	0.03864	0.05833	0.05917	0.04751	0.05915	
729	2.95043	1.29023	1.54835	0.06418	0.04832	0.05749	0.06377	0.03582	0.05959	
730	2.95498	1.2886	1.55536	0.06544	0.03869	0.0554	0.06453	0.03922	0.06208	
731	2.98625	1.28807	1.54999	0.06872	0.0359	0.06333	0.06584	0.03668	0.0575	
732	2.98124	1.29779	1.55217	0.06374	0.03745	0.05751	0.05961	0.03819	0.05626	
733	2.98581	1.303	1.7338	0.07002	0.03714	0.05667	0.06458	0.03792	0.05999	
734	3.10631	1.29937	1.57496	0.06585	0.04099	0.05668	0.06419	0.03666	0.05874	
735	2.9696	1.29416	1.56251	0.06663	0.03913	0.05623	0.06499	0.04672	0.05957	
736	2.98418	1.30034	1.56009	0.06919	0.04386	0.05459	0.06586	0.04376	0.05832	
737	3.17037	1.32624	1.58459	0.07124	0.03871	0.05751	0.06583	0.03673	0.05669	
738	3.00588	1.30373	1.57334	0.06585	0.03866	0.05458	0.06126	0.03951	0.05874	
739	3.00628	1.30451	1.57211	0.06668	0.04046	0.05583	0.06167	0.04533	0.0554	
740	3.0012	1.30663	1.57996	0.06997	0.03952	0.05627	0.05915	0.04003	0.05168	
741	3.05678	1.30613	1.57212	0.0633	0.03702	0.05664	0.06623	0.03494	0.05627	
742	3.02451	1.31412	1.57707	0.06376	0.03882	0.05501	0.06336	0.03924	0.0579	
743	3.0375	1.3112	1.59327	0.06792	0.03834	0.05462	0.06332	0.04311	0.05667	
744	3.02625	1.31285	1.61499	0.06751	0.04688	0.06089	0.065	0.04273	0.05833	
745	2.99622	1.31378	1.60338	0.06334	0.03578	0.05793	0.06496	0.03715	0.06211	
746	3.04545	1.31633	1.61625	0.06292	0.04029	0.05871	0.06332	0.03971	0.06002	
747	3.155	1.3263	1.6204	0.06502	0.03755	0.05832	0.06626	0.04203	0.05544	
748	3.03286	1.31915	1.64674	0.06755	0.03713	0.05788	0.05834	0.03583	0.05415	
749	3.02248	1.31453	1.64459	0.07209	0.04083	0.05791	0.06001	0.04403	0.05957	
750	3.07289	1.34538	1.64919	0.06577	0.03961	0.05922	0.06379	0.0378	0.05916	
751	3.0479	1.32249	1.64543	0.06668	0.03936	0.0571	0.06083	0.04881	0.05584	
752	3.06628	1.33037	1.64747	0.06458	0.03872	0.05835	0.06457	0.0342	0.05708	
753	3.06127	1.32785	1.65497	0.06417	0.03837	0.05834	0.06501	0.04509	0.0575	
754	3.05543	1.33501	1.6475	0.06458	0.03494	0.05458	0.06291	0.03952	0.05501	
755	3.08296	1.33211	1.6505	0.06416	0.0424	0.05834	0.0679	0.03881	0.05875	
756	3.08508	1.33001	1.65086	0.06666	0.04039	0.05625	0.06915	0.04597	0.06207	
757	3.26041	1.42915	1.65083	0.07039	0.03708	0.06166	0.0625	0.03748	0.05833	
758	3.07515	1.33706	1.65249	0.07118	0.04166	0.05623	0.06293	0.04014	0.05543	
759	3.06457	1.33459	1.65294	0.06454	0.03961	0.05588	0.0633	0.03673	0.05666	
760	3.0904	1.34002	1.66878	0.07124	0.03872	0.06043	0.06166	0.03546	0.0596	
761	3.0651	1.34708	1.65591	0.06918	0.03862	0.05666	0.06627	0.04417	0.05668	
762	3.09958	1.34465	1.6554	0.06208	0.0379	0.06083	0.06375	0.03547	0.05708	
763	3.12717	1.35081	1.6558	0.06669	0.03917	0.05379	0.06205	0.03705	0.06041	
764	3.12831	1.34462	1.65877	0.06042	0.03873	0.0571	0.06748	0.0379	0.05583	
765	3.10959	1.43916	1.65663	0.0679	0.03831	0.05751	0.065	0.03966	0.05623	
766	3.14504	1.37959	1.67542	0.06958	0.03828	0.05879	0.06336	0.03744	0.05794	
767	3.1338	1.35705	1.67705	0.06955	0.03988	0.05582	0.06544	0.03461	0.05585	
768	3.13084	1.3634	1.67669	0.07252	0.0371	0.05713	0.06208	0.04043	0.06291	
769	3.20296	1.39249	1.68544	0.07209	0.03918	0.06207	0.05998	0.03667	0.05585	
770	3.11542	1.36375	1.67172	0.06919	0.04059	0.05833	0.06085	0.04156	0.0554	
771	3.11873	1.35127	1.67168	0.06418	0.04575	0.05791	0.06499	0.03998	0.05917	
772	3.13745	1.36373	1.6738	0.06791	0.03927	0.05961	0.06334	0.03917	0.05961	
773	3.13672	1.35002	1.66454	0.06209	0.03733	0.05708	0.05915	0.03994	0.05584	
774	3.14005	1.36914	1.6758	0.07252	0.03744	0.05793	0.06874	0.03943	0.05667	
775	3.14715	1.36122	1.76667	0.0696	0.04837	0.06084	0.0604	0.04005	0.0604	
776	3.12045	1.37788	1.68581	0.06708	0.03757	0.05749	0.06335	0.03971	0.05836	
777	3.1917	1.37541	1.68371	0.06873	0.03839	0.05336	0.06081	0.04425	0.05751	
778	3.16376	1.37999	1.67955	0.06668	0.03796	0.05626	0.06292	0.03999	0.05669	
779	3.17377	1.38126	1.68374	0.06665	0.03836	0.05418	0.06662	0.03584	0.05707	
780	3.17336	1.37627	1.68428	0.06872	0.03795	0.05375	0.06208	0.03984	0.05459	
781	3.22625	1.37835	1.79379	0.07459	0.05937	0.06331	0.0691	0.05256	0.0596	
782	3.17164	1.40288	1.70539	0.06831	0.03921	0.05959	0.06623	0.03916	0.05291	
783	3.21083	1.39506	1.69788	0.06835	0.05372	0.05417	0.06378	0.04047	0.06041	
784	3.18961	1.38792	1.70115	0.065	0.03825	0.05502	0.06164	0.04243	0.05542	
785	3.19624	1.38288	1.70707	0.06876	0.03531	0.05752	0.06458	0.04128	0.06039	
786	3.19912	1.39292	1.69954	0.06628	0.03719	0.05537	0.06001	0.03753	0.05959	
787	3.21792	1.38831	1.69793	0.06915	0.04047	0.05915	0.06333	0.04039	0.05582	
788	3.1983	1.38619	1.70796	0.06915	0.04158	0.0596	0.06456	0.03963	0.06044	
789	3.17957	1.38627	1.70207	0.06917	0.0448	0.05417	0.06499	0.045	0.05789	
790	3.1929	1.40086	1.70906	0.06545	0.03992	0.05998	0.06332	0.03965	0.05748	
791	3.21835	1.40457	1.70874	0.06836	0.03874	0.05874	0.06251	0.03882	0.05589	
792	3.21835	1.39251	1.70414	0.06709	0.03827	0.05457	0.06288	0.03921	0.06124	
793	3.21584	1.39248	1.71164	0.06876	0.03878	0.05624	0.06417	0.0388	0.05665	
794	3.21663	1.39835	1.71336	0.07125	0.04256	0.0558	0.06624	0.04046	0.05831	
795	3.36125	1.40252	1.71049	0.06543	0.04662	0.05664	0.06084	0.0366	0.05375	
796	3.22923	1.41946	1.72622	0.06621	0.03691	0.05669	0.06543	0.04003	0.05501	
797	3.25162	1.40288	1.71874	0.07209	0.0371	0.05955	0.06127	0.03914	0.05544	
798	3.23167	1.40542	1.7229	0.06958	0.04052	0.05875	0.05874	0.03792	0.05914	
799	3.26252	1.4142	1.71873	0.06544	0.0401	0.05584	0.05999	0.0388	0.05289	
800	3.22085	1.40966	1.73038	0.06543	0.04301	0.06165	0.06084	0.03713	0.05582	
801	3.22583	1.40374	1.72458	0.06707	0.03992	0.06001	0.06459	0.03753	0.05875	
802	3.20873	1.60416	1.72658	0.06875	0.03999	0.06414	0.06374	0.03871	0.05917	
803	3.37664	1.43074	1.72997	0.06499	0.03917	0.05794	0.06419	0.03587	0.05667	
804	3.21665	1.41003	1.72916	0.07376	0.03965	0.05872	0.06624	0.035	0.05628	
805	3.23924	1.41708	1.73455	0.07873	0.0493	0.06585	0.06168	0.04167	0.05955	
806	3.25416	1.41285	1.73125	0.06497	0.03457	0.05627	0.06167	0.03752	0.05628	
807	3.28039	1.42044	1.73339	0.06623	0.03786	0.05626	0.06122	0.04119	0.05915	
808	3.61041	1.42877	1.74084	0.06544	0.0367	0.06165	0.0646	0.03541	0.05872	
809	3.25502	1.43664	1.75131	0.06374	0.0419	0.0604	0.05957	0.04479	0.05957	
810	3.46668	1.42384	1.73922	0.06541	0.04123	0.05998	0.06126	0.04447	0.05831	
811	3.30084	1.44415	1.75246	0.06582	0.04305	0.05583	0.06539	0.03923	0.05708	
812	3.31049	1.44261	1.75542	0.06459	0.03669	0.05623	0.06501	0.03876	0.05542	
813	3.28416	1.42504	1.74923	0.06746	0.04132	0.0554	0.05831	0.03623	0.05792	
814	3.29702	1.43923	1.75541	0.06585	0.03838	0.05662	0.06043	0.03993	0.05791	
815	3.30498	1.44371	1.75792	0.0646	0.03877	0.05625	0.06295	0.04657	0.05879	
816	3.33581	1.43874	1.76371	0.06583	0.03831	0.05789	0.06122	0.04181	0.05541	
817	3.36123	1.45836	1.76624	0.07125	0.04207	0.05582	0.065	0.03712	0.0571	
818	3.28454	1.4479	1.77292	0.06545	0.04047	0.0533	0.06296	0.03917	0.05625	
819	3.30874	1.43414	1.84582	0.06624	0.03749	0.05917	0.06667	0.03653	0.05458	
820	3.32298	1.4583	1.77464	0.06457	0.03835	0.05292	0.06207	0.04041	0.05877	
821	3.32839	1.43999	1.76629	0.06543	0.03666	0.05667	0.06461	0.03492	0.05668	
822	3.33503	1.44954	1.77297	0.06957	0.03828	0.05793	0.06125	0.03796	0.05289	
823	3.34205	1.64505	1.77291	0.13	0.03915	0.0558	0.06041	0.03873	0.05748	
824	3.51332	1.52964	1.77292	0.06794	0.03753	0.05627	0.0625	0.0358	0.05792	
825	3.33755	1.72413	1.77877	0.06958	0.03783	0.05872	0.06959	0.03945	0.05583	
826	3.35538	1.46798	1.78374	0.06668	0.03702	0.0579	0.05957	0.03745	0.05748	
827	3.30588	1.44949	1.78042	0.06749	0.03862	0.05667	0.06627	0.03669	0.05292	
828	3.35874	1.45668	1.7962	0.06831	0.04758	0.06419	0.06335	0.03839	0.05874	
829	3.35419	1.46831	1.79249	0.06624	0.03786	0.05712	0.06627	0.03627	0.05628	
830	3.35582	1.47001	1.78875	0.06582	0.03782	0.05833	0.05874	0.03667	0.0592	
831	3.38413	1.47589	1.8025	0.0675	0.03542	0.05834	0.06171	0.03838	0.05708	
832	3.36922	1.4737	1.78625	0.07128	0.03746	0.05544	0.06124	0.03717	0.055	
833	3.38044	1.4767	1.79453	0.065	0.03584	0.05873	0.06249	0.03752	0.06542	
834	3.38711	1.47456	1.80037	0.06918	0.03792	0.055	0.06711	0.0392	0.05459	
835	3.36705	1.4779	1.79673	0.07124	0.0384	0.05624	0.06418	0.03831	0.05582	
836	3.37742	1.48293	1.97037	0.06958	0.03958	0.05875	0.05998	0.04157	0.05793	
837	3.51587	1.47832	1.80291	0.06583	0.03742	0.0575	0.06253	0.03579	0.05376	
838	3.39754	1.4917	1.80331	0.06748	0.04284	0.05881	0.06376	0.04112	0.05417	
839	3.39422	1.48915	1.80172	0.07039	0.04127	0.05875	0.0617	0.04171	0.05794	
840	3.36669	1.4696	1.80249	0.06667	0.03921	0.05499	0.06163	0.03909	0.06165	
841	3.37044	1.47203	1.80206	0.06666	0.04023	0.05791	0.06167	0.03627	0.05666	
842	3.39373	1.47666	2.12709	0.0625	0.03673	0.05664	0.06208	0.03755	0.05333	
843	3.39584	1.48043	1.80874	0.06374	0.03651	0.05625	0.06292	0.04417	0.05919	
844	3.40043	1.48204	1.8096	0.0679	0.04152	0.05919	0.06459	0.04257	0.05581	
845	3.40336	1.48378	1.82212	0.06914	0.03996	0.05666	0.0629	0.03671	0.06	
846	3.42916	1.48705	1.81784	0.06544	0.03706	0.05919	0.06586	0.03745	0.05708	
847	3.39914	1.48501	1.82456	0.07375	0.0378	0.06038	0.06209	0.03916	0.05915	
848	3.41871	1.49078	1.81792	0.06456	0.03914	0.05959	0.06335	0.03542	0.05334	
849	3.40958	1.50334	1.87417	0.06583	0.03881	0.05495	0.06084	0.04004	0.05503	
850	3.41706	1.49002	1.81997	0.06789	0.03913	0.05543	0.06131	0.04696	0.05917	
851	3.44045	1.51164	1.83295	0.07126	0.04578	0.05749	0.05958	0.04508	0.05751	
852	3.44002	1.50211	1.8341	0.06998	0.0401	0.06331	0.06331	0.03757	0.0554	
853	3.48747	1.52579	1.85491	0.06998	0.04327	0.05625	0.06168	0.04159	0.05667	
854	3.46666	1.51415	1.83332	0.07041	0.04399	0.05454	0.06375	0.0393	0.05583	
855	3.45496	1.51036	1.83166	0.06793	0.04068	0.05713	0.06621	0.03466	0.06083	
856	3.46995	1.51832	1.84416	0.07209	0.03911	0.05793	0.06122	0.03707	0.05627	
857	3.44664	1.49705	1.84673	0.07165	0.03835	0.06249	0.06458	0.03741	0.0608	
858	3.46499	1.50419	1.84288	0.06792	0.04233	0.05748	0.06247	0.0426	0.05459	
859	3.60709	1.50421	1.84872	0.06995	0.03704	0.05497	0.06543	0.03753	0.05373	
860	3.4675	1.50205	1.84294	0.06457	0.03669	0.05793	0.06623	0.03749	0.05544	
861	3.47041	1.51292	1.86248	0.07169	0.03668	0.05958	0.06039	0.03589	0.0571	
862	3.47	1.5104	1.84662	0.07043	0.03867	0.05584	0.06582	0.03628	0.05668	
863	3.4762	1.51084	1.85043	0.06752	0.03953	0.05582	0.06415	0.03491	0.05874	
864	3.50082	1.52791	1.85753	0.06294	0.04071	0.05332	0.06337	0.04484	0.06209	
865	3.50252	1.52754	1.86038	0.06542	0.03839	0.05667	0.06797	0.0345	0.0571	
866	3.50833	1.53049	1.85458	0.06129	0.04125	0.05878	0.06334	0.0345	0.05583	
867	3.51585	1.54586	1.86373	0.07255	0.038	0.05917	0.06456	0.03793	0.05747	
868	3.52463	1.55632	1.86755	0.06627	0.03793	0.05749	0.06419	0.04115	0.05627	
869	3.53923	1.55159	1.8721	0.06748	0.03511	0.05456	0.0625	0.03988	0.05747	
870	3.52415	1.53707	1.86916	0.06625	0.03791	0.05751	0.0646	0.03746	0.05753	
871	3.51965	1.54123	1.87626	0.06999	0.03843	0.06086	0.05708	0.04119	0.05331	
872	3.54166	1.54372	1.87041	0.07083	0.03627	0.05462	0.06166	0.03285	0.05544	
873	3.49665	1.72673	1.86876	0.06625	0.03851	0.05376	0.06207	0.03663	0.05752	
874	3.52211	1.67247	1.87955	0.06832	0.03544	0.05876	0.05959	0.03758	0.05628	
875	3.76368	1.53128	1.87795	0.06376	0.03713	0.06003	0.06085	0.03713	0.05751	
876	3.51085	1.53624	1.87667	0.06917	0.0376	0.05416	0.05958	0.03834	0.0575	
877	3.57165	1.53581	1.87916	0.07209	0.04122	0.05584	0.06333	0.04576	0.05541	
878	3.63702	1.53747	1.88542	0.06334	0.03787	0.05666	0.06289	0.03541	0.05627	
879	3.56832	1.53711	2.11916	0.06708	0.04147	0.05964	0.05918	0.04679	0.06417	
880	3.54575	1.54127	1.88963	0.07124	0.03884	0.05832	0.06414	0.04413	0.05666	
881	3.53008	1.54082	1.89001	0.06708	0.03917	0.0567	0.06004	0.03541	0.05378	
882	3.56036	1.55335	1.90544	0.07086	0.05149	0.05877	0.06375	0.04167	0.05787	
883	3.54956	1.54584	1.89245	0.06293	0.03786	0.0579	0.06169	0.03706	0.05542	
884	3.55999	1.55332	1.89541	0.07374	0.0371	0.05875	0.05998	0.03926	0.05792	
885	3.9746	1.54499	1.89717	0.06579	0.04588	0.05833	0.06209	0.04253	0.05665	
886	3.57943	1.54457	1.90376	0.06792	0.03993	0.05583	0.06375	0.03464	0.05414	
887	3.56247	1.5508	1.89872	0.07998	0.04788	0.06294	0.06292	0.04336	0.05292	
888	3.55946	1.55791	1.902	0.06666	0.03541	0.0608	0.06375	0.03756	0.05875	
889	3.57538	1.56498	1.9046	0.07339	0.04341	0.0625	0.05545	0.03749	0.05754	
890	3.5817	1.56672	1.90584	0.06167	0.03713	0.05623	0.0654	0.03963	0.05791	
891	3.56289	1.56793	1.90375	0.06875	0.03965	0.05834	0.06211	0.03838	0.05879	
892	3.57246	1.56295	1.90669	0.06625	0.03918	0.05792	0.06293	0.04497	0.05668	
893	3.57251	1.56586	1.90916	0.06666	0.03786	0.05669	0.06458	0.03757	0.05542	
894	3.5929	1.57002	1.91707	0.06999	0.04599	0.055	0.06249	0.04413	0.05669	
895	3.80505	1.74332	1.91581	0.06752	0.0388	0.06045	0.06376	0.03712	0.05833	
896	3.60169	1.56955	1.92207	0.06376	0.0392	0.05877	0.06208	0.03961	0.05831	
897	3.62541	1.57501	1.9204	0.06374	0.03879	0.05707	0.06083	0.03833	0.05834	
898	3.62876	1.59166	1.92421	0.06874	0.03952	0.05623	0.05751	0.03703	0.06043	
899	3.64076	1.59591	1.92129	0.06625	0.04004	0.05581	0.06042	0.03583	0.05457	
900	3.64332	1.6075	1.93008	0.06458	0.03992	0.05584	0.05957	0.03837	0.05539	
901	3.64211	1.59458	1.93086	0.06334	0.04122	0.05541	0.06291	0.04537	0.05708	
902	3.65673	1.60332	1.93498	0.06834	0.03963	0.05748	0.06209	0.03713	0.05877	
903	3.65123	1.59043	1.93283	0.06999	0.04138	0.05665	0.06047	0.03961	0.0583	
904	3.62673	1.58873	1.93833	0.06751	0.03663	0.05706	0.06459	0.03502	0.05502	
905	3.63292	1.75211	2.10213	0.07208	0.03837	0.05789	0.06086	0.03999	0.0579	
906	3.63206	1.58088	1.94331	0.06958	0.04162	0.05664	0.06582	0.03668	0.05916	
907	3.65997	1.63543	1.93911	0.06879	0.03785	0.05833	0.06336	0.03833	0.05916	
908	3.65793	1.59044	1.94587	0.06585	0.03826	0.05544	0.0629	0.04399	0.05584	
909	3.64288	1.58921	1.94961	0.06627	0.04193	0.055	0.06338	0.04004	0.05707	
910	3.83335	1.59709	1.94578	0.07581	0.03938	0.0567	0.05834	0.03726	0.05582	
911	3.67167	1.59038	1.95376	0.0667	0.0405	0.05623	0.06125	0.03463	0.05915	
912	3.66793	1.60083	1.95623	0.06375	0.03669	0.05671	0.06253	0.04	0.06164	
913	3.78834	1.61497	1.9575	0.06873	0.04129	0.05751	0.06959	0.0375	0.05836	
914	3.69295	1.61373	1.95381	0.07169	0.03961	0.05627	0.06164	0.03702	0.05625	
915	3.8804	1.60796	2.07918	0.06793	0.03889	0.05835	0.06295	0.0409	0.05877	
916	3.72837	1.62499	1.95969	0.07127	0.03948	0.05589	0.06503	0.04531	0.05959	
917	3.72456	1.62376	1.96712	0.06248	0.03996	0.05376	0.05958	0.03878	0.0554	
918	3.7125	1.62208	2.02251	0.06502	0.03661	0.06083	0.06331	0.03885	0.05955	
919	3.71756	1.62168	1.9642	0.0696	0.03912	0.05748	0.06458	0.03962	0.05625	
920	3.71667	1.62918	2.10497	0.0696	0.0402	0.05752	0.06253	0.04058	0.05791	
921	3.72631	1.80874	1.97043	0.07	0.04126	0.0571	0.06082	0.03754	0.05749	
922	3.7458	1.68002	1.98337	0.07379	0.05074	0.0617	0.06248	0.03908	0.05669	
923	3.72628	1.61712	1.97416	0.07126	0.03795	0.06166	0.06414	0.03864	0.05749	
924	3.70496	1.61548	2.17837	0.065	0.0384	0.05875	0.06168	0.04382	0.05914	
925	3.83335	1.62497	1.9775	0.06457	0.04881	0.0596	0.06166	0.03907	0.05458	
926	3.7062	1.61836	1.97455	0.06919	0.0382	0.06041	0.06251	0.03711	0.05501	
927	3.77046	1.62454	1.98413	0.07124	0.03962	0.05792	0.06292	0.03883	0.05794	
928	3.72174	1.61993	1.9846	0.07168	0.03747	0.05626	0.06165	0.03795	0.05917	
929	4.10873	1.7204	1.99118	0.06667	0.046	0.05709	0.06169	0.04042	0.05708	
930	3.75293	1.63164	1.98665	0.06535	0.0371	0.05621	0.06123	0.03966	0.05375	
931	3.69206	1.63126	1.98789	0.06623	0.03872	0.05833	0.06001	0.04869	0.05625	
932	3.75789	1.64324	1.99294	0.07005	0.04284	0.05581	0.05873	0.03745	0.05708	
933	3.75425	1.64374	1.99752	0.06544	0.03877	0.05752	0.06291	0.03749	0.05748	
934	3.81451	1.64496	2.15416	0.06873	0.03875	0.05293	0.06792	0.03627	0.05624	
935	3.77169	1.65424	1.99794	0.06956	0.04032	0.05708	0.06167	0.03866	0.05666	
936	3.80001	1.66064	2.00043	0.06584	0.03754	0.05495	0.06209	0.03795	0.05625	
937	3.73793	1.64374	2.00251	0.065	0.04173	0.05749	0.06412	0.04343	0.05754	
938	3.75539	1.64506	1.99996	0.06544	0.03623	0.05749	0.06457	0.03536	0.05833	
939	4.08917	1.66252	2.00164	0.0675	0.03962	0.05707	0.06168	0.03748	0.05583	
940	3.7479	1.64668	2.00376	0.0671	0.03669	0.05957	0.06205	0.03578	0.05708	
941	3.77703	1.65003	2.03957	0.07083	0.05103	0.06208	0.06374	0.03865	0.05498	
942	3.7699	1.64861	2.01041	0.06623	0.04042	0.05708	0.06208	0.03913	0.05749	
943	3.78168	1.65069	2.01791	0.06543	0.04806	0.05624	0.05959	0.03797	0.05459	
944	3.94168	1.6521	2.01918	0.06626	0.03422	0.05499	0.06004	0.03994	0.05456	
945	3.78832	1.64171	2.01625	0.06292	0.03761	0.05459	0.05999	0.03733	0.05667	
946	3.79548	1.65412	2.01252	0.06375	0.0404	0.05671	0.06167	0.04086	0.05921	
947	3.81748	1.65953	2.02455	0.07288	0.03985	0.05748	0.06125	0.03835	0.05541	
948	3.79666	1.66162	2.03124	0.06627	0.04172	0.05708	0.06042	0.03873	0.05708	
949	3.79415	1.66123	2.02208	0.0633	0.03832	0.05752	0.06542	0.03796	0.05707	
950	3.78291	1.65247	2.03126	0.06458	0.04297	0.05457	0.06002	0.03923	0.05707	
951	3.78702	1.66833	2.03257	0.06828	0.04248	0.05877	0.06126	0.03675	0.06083	
952	3.78211	1.66504	2.03247	0.06626	0.04094	0.06378	0.0629	0.04268	0.05749	
953	3.83711	1.85412	2.03374	0.06709	0.03668	0.05749	0.05752	0.03833	0.0554	
954	3.8213	1.67251	2.03252	0.07082	0.04654	0.0575	0.0621	0.03918	0.05917	
955	3.80464	1.94332	2.11829	0.07044	0.05085	0.05497	0.06621	0.04162	0.05459	
956	3.82127	1.67086	2.03621	0.06413	0.04343	0.06001	0.06085	0.04425	0.05666	
957	3.82306	1.68414	2.28298	0.06622	0.03842	0.05836	0.06375	0.04044	0.05833	
958	3.8401	1.67127	2.04371	0.06833	0.04001	0.05667	0.06582	0.03577	0.05874	
959	3.83957	1.67499	2.04794	0.06372	0.03699	0.0596	0.06583	0.03587	0.05874	
960	3.875	1.69045	2.04664	0.07162	0.04521	0.05456	0.05914	0.03707	0.05291	
961	3.85711	1.67706	2.05372	0.06876	0.0412	0.05624	0.06166	0.03801	0.05792	
962	3.87626	1.67669	2.06492	0.06372	0.03751	0.05705	0.05706	0.03794	0.05873	
963	3.86124	1.68791	2.05454	0.06749	0.03619	0.05833	0.0646	0.04054	0.05543	
964	3.89834	1.6975	2.06917	0.06542	0.03789	0.05619	0.06496	0.05293	0.07583	
965	3.88046	1.70542	2.05744	0.07419	0.0378	0.05629	0.06169	0.03758	0.05626	
966	3.87829	1.70126	2.06122	0.07084	0.04011	0.05957	0.05876	0.03748	0.05875	
967	4.0988	1.7217	2.06671	0.06416	0.03712	0.05711	0.06249	0.0383	0.05585	
968	3.89459	1.69877	2.07043	0.06792	0.03781	0.06042	0.06544	0.03795	0.05625	
969	3.91291	1.70002	2.07704	0.07376	0.04164	0.06121	0.06251	0.03792	0.05621	
970	3.93546	1.71081	2.0658	0.06583	0.04039	0.06125	0.06457	0.03664	0.05627	
971	3.92333	1.72083	2.06709	0.06706	0.05203	0.05667	0.0629	0.03455	0.05874	
972	3.89376	1.71414	2.0742	0.06787	0.03798	0.05665	0.06126	0.03539	0.05375	
973	3.9496	1.7213	2.08256	0.06499	0.04322	0.05874	0.05917	0.04095	0.05751	
974	3.90419	1.71457	2.08039	0.06955	0.03949	0.06083	0.06374	0.04465	0.05709	
975	4.00666	1.72294	2.0954	0.0704	0.03786	0.05879	0.06419	0.03953	0.05502	
976	3.91583	1.72165	2.08622	0.06834	0.03664	0.05833	0.06459	0.03706	0.05708	
977	3.93042	1.72542	2.08541	0.06957	0.03631	0.05751	0.06418	0.03614	0.05667	
978	3.91122	1.72665	2.0816	0.07	0.04165	0.05708	0.05625	0.03994	0.05584	
979	3.95412	1.83209	2.36456	0.06251	0.04447	0.05915	0.06295	0.03823	0.05705	
980	3.93621	1.72832	2.09454	0.0679	0.03581	0.05627	0.06167	0.03881	0.05541	
981	3.95583	1.73792	2.11464	0.07168	0.03915	0.05706	0.06746	0.04041	0.05831	
982	3.96375	1.73669	2.18546	0.07333	0.05084	0.06041	0.06085	0.04044	0.05712	
983	3.95961	1.71664	2.10201	0.0729	0.03804	0.06003	0.0625	0.03796	0.05418	
984	3.97373	1.73463	2.10411	0.06874	0.03875	0.05374	0.06372	0.03786	0.05791	
985	3.95291	1.71998	2.09586	0.06833	0.03538	0.05542	0.06455	0.03704	0.05916	
986	4.23753	1.72416	2.10535	0.06376	0.04312	0.05832	0.05834	0.04081	0.05707	
987	3.9917	1.76126	2.11877	0.07088	0.03715	0.05913	0.06543	0.03704	0.05752	
988	3.99092	1.72166	2.11295	0.06833	0.03714	0.05587	0.06499	0.03796	0.05708	
989	3.97372	1.73458	2.11289	0.0679	0.04465	0.05412	0.06375	0.04129	0.05878	
990	3.96955	1.73166	2.13755	0.06417	0.03824	0.05664	0.05791	0.0387	0.05917	
991	3.99163	1.7496	2.11914	0.06541	0.04423	0.05793	0.06293	0.04196	0.05749	
992	3.99751	1.74919	2.12666	0.06961	0.03542	0.05416	0.06291	0.03626	0.05708	
993	4.01211	1.75	2.12376	0.06586	0.04411	0.05708	0.06043	0.04619	0.05664	
994	4.0051	1.73416	2.14623	0.06752	0.03836	0.05874	0.06419	0.04038	0.0571	
995	3.96917	1.74084	2.1238	0.0675	0.03982	0.05542	0.0642	0.04006	0.05832	
996	3.98164	1.745	2.1267	0.06333	0.03753	0.05837	0.06207	0.03589	0.0575	
997	4.01251	1.73667	2.13042	0.06417	0.03952	0.05707	0.06623	0.03549	0.06084	
998	4.03123	1.74577	2.1325	0.06627	0.03784	0.055	0.06042	0.0372	0.05665	
999	3.99838	1.745	2.12666	0.07292	0.03924	0.05789	0.06714	0.0369	0.05376	
