idx	1_A+B	1_A-B	1_A*B	1_A==B	1/2_A+B	1/2_A-B	1/2_A*B	1/2_A==B	mx_A+B	mx_A-B	mx_A*B	mx_A==B	 
0	0.59787	0.405	0.55459	0.16328	58.8592	29.6679	52.307	4.25374	87.4229	48.638	83.6354	7.48629	
1	0.47752	0.3871	0.45041	0.11041	43.4446	24.2438	42.585	3.67916	86.2512	48.3942	83.7546	7.2308	
2	0.57789	0.51835	0.55619	0.11748	43.5262	24.2554	42.1591	3.6688	87.8963	49.4067	84.3492	7.24831	
3	0.67592	0.61709	0.69289	0.12416	43.6842	24.8592	42.3104	3.68623	86.5267	48.5029	85.1546	7.24666	
4	0.77505	0.72995	0.78376	0.11915	43.66	24.5341	42.6013	3.68998	86.9258	48.3575	84.35	7.27922	
5	0.84543	0.79919	0.89376	0.12871	44.0179	24.5779	42.5434	3.69333	86.5892	48.67	85.1342	7.29248	
6	0.93046	0.85786	0.99922	0.13753	44.8804	24.5837	42.8012	3.72495	86.94	48.3713	84.5021	7.25792	
7	0.99834	1.03411	1.12418	0.1325	44.2425	24.6571	46.4658	3.71286	87.2492	51.6746	84.6371	7.27201	
8	1.10373	1.05992	1.23374	0.13586	46.6209	24.5996	42.9967	3.71578	87.1667	49.1425	85.7846	7.2728	
9	1.22499	1.19042	1.34958	0.14047	45.155	24.7746	43.9158	3.71787	87.4066	48.7634	85.8229	7.27545	
10	1.29699	1.28009	1.48418	0.14126	44.4216	24.8204	43.2954	3.76748	90.4388	48.6754	86.4967	7.29742	
11	1.40458	1.38253	1.64495	0.15075	44.6325	26.0371	43.7559	3.72913	87.3037	48.5921	85.2296	7.65213	
12	1.45955	1.43126	1.74999	0.16336	44.7771	25.3608	43.5037	3.73576	89.9375	49.3937	85.7233	7.2984	
13	1.53828	1.52794	1.89091	0.15128	45.0692	25.0742	43.6659	3.90162	88.8266	49.695	86.345	7.6692	
14	1.62252	1.60916	2.04244	0.15499	45.1196	24.8925	44.1429	3.77622	88.4104	48.7171	85.7605	7.3063	
15	1.70372	1.71121	2.16369	0.14922	45.0688	25.0121	44.6554	3.7404	88.0375	49.0275	85.9812	7.30047	
16	1.80505	1.78003	2.34124	0.15454	45.9821	25.4146	44.2175	3.75916	87.9833	50.0312	87.3292	7.34248	
17	1.90378	1.92703	2.45289	0.16166	45.2017	25.1904	43.9954	3.80165	88.1001	48.9	86.5279	7.31292	
18	2.00377	1.9896	2.58747	0.1654	45.6746	25.1416	44.5263	3.95623	89.1192	49.3063	87.475	7.63669	
19	2.24215	2.08086	2.75835	0.16798	45.9233	25.6055	44.9262	3.76128	89.0608	52.0117	87.5129	7.36415	
20	2.17538	2.17705	2.88291	0.16881	47.0429	25.5971	44.3454	3.77254	91.8454	49.4692	86.3075	7.45626	
21	2.24118	2.4292	3.04214	0.17959	47.8641	25.2962	45.18	3.78006	90.1592	49.7208	87.8342	7.3383	
22	2.34834	2.33499	3.21672	0.18708	45.4117	25.3162	44.1704	3.78253	88.7425	49.08	85.9875	7.33792	
23	2.42415	2.4588	3.41332	0.1896	45.9718	25.44	45.0875	3.78454	89.4654	49.2266	86.2758	7.6133	
24	2.52991	2.53212	3.60744	0.18834	45.6883	25.4221	45.0046	3.78283	89.1512	49.9088	87.1158	7.34082	
25	2.58376	2.62998	3.70999	0.19625	46.24	25.4504	44.56	4.00291	89.8613	49.2867	87.2913	7.35122	
26	2.67536	2.69041	3.86203	0.19456	46.7867	26.6884	45.4654	3.8121	89.9483	50.2996	87.0262	7.7333	
27	2.80127	2.8321	4.07416	0.19335	47.8613	25.9021	45.4588	3.83087	93.6709	49.6613	86.2679	7.41212	
28	3.2446	2.83917	4.21708	0.20376	46.2154	25.605	45.0817	3.80417	89.5229	50.0121	87.0592	7.37039	
29	2.95005	2.97919	4.38455	0.19871	46.3809	25.6783	45.1313	3.82371	89.6992	49.4875	87.9309	7.40249	
30	3.02044	3.08667	4.54164	0.20415	46.5692	25.6933	45.0187	3.81456	90.5275	49.4475	87.0375	7.39084	
31	3.13619	3.15585	4.78418	0.20582	46.3563	25.755	45.9229	3.8125	89.3559	50.2521	87.1996	7.37374	
32	3.21371	3.23169	4.92661	0.21083	46.4158	27.03	45.2108	3.81586	90.2246	50.4371	87.0021	7.38294	
33	3.30079	3.32378	5.20336	0.21959	47.1899	25.8084	45.5879	3.8292	90.4717	51.5621	86.8463	7.42333	
34	3.36873	3.41663	5.30079	0.21625	46.5434	25.9104	45.5459	3.83123	90.1163	49.9417	87.9637	7.38757	
35	3.47422	3.50342	5.45703	0.21461	46.7678	25.9046	46.1584	3.83667	89.7675	49.6741	87.24	7.39631	
36	3.5587	3.60085	5.64412	0.21667	46.6909	26.2466	45.5604	3.84079	90.2241	50.6704	87.2292	7.3917	
37	3.62917	3.68208	5.81796	0.22335	47.7429	25.9979	45.7775	3.84043	91.195	49.9046	87.8671	7.44615	
38	3.71874	4.02919	6.02672	0.22918	46.8783	26.56	45.51	3.84949	91.1841	50.0383	87.9366	7.39798	
39	3.79088	3.8329	6.19291	0.22503	47.2521	26.49	46.8533	3.8517	90.0633	50.19	88.1388	7.71401	
40	3.89208	3.94873	6.40582	0.23255	47.2746	27.1787	45.9687	3.85585	90.3858	50.3312	87.7162	7.41168	
41	3.97627	4.02541	6.62714	0.23291	47.685	26.3229	46.2304	3.86455	90.4779	50.4813	87.8587	7.41826	
42	4.0895	4.10166	7.39125	0.23206	47.8675	26.2676	46.2134	3.87585	91.3529	50.3625	88.2171	7.43497	
43	4.20502	4.1425	7.10381	0.24459	47.8871	26.308	47.0263	3.89418	90.8292	50.3409	88.3437	7.58459	
44	4.20954	4.2916	7.2329	0.23749	47.6616	26.4255	47.2088	3.93952	90.493	50.3796	88.8529	7.55338	
45	4.31002	4.39748	7.47836	0.24584	48.5617	26.74	46.1492	3.91499	91.1166	51.0738	89.112	7.4592	
46	4.37333	4.44212	7.67881	0.24121	48.8046	26.4283	46.5746	4.14916	91.3512	50.7463	88.3842	7.44498	
47	4.4754	4.54751	7.87456	0.24832	48.25	26.4921	46.9746	3.88377	91.4662	50.3954	88.7396	7.82619	
48	4.5654	4.63628	8.08833	0.2479	49.1012	26.9888	47.7358	3.89707	91.4858	50.6771	88.7792	7.44958	
49	4.6279	4.70913	8.31619	0.25168	48.5792	26.6975	47.4308	3.89169	91.5212	50.7934	88.3996	7.45954	
50	4.70666	4.80832	8.56958	0.25208	48.2066	26.68	47.4308	3.90176	90.9992	50.6892	88.42	7.46662	
51	4.98999	4.87577	8.79127	0.25292	48.6109	26.6979	47.2429	3.90161	91.0238	50.5617	88.6267	7.45839	
52	4.96875	5.01999	9.11662	0.26042	48.2004	26.7525	47.1246	3.93494	90.9892	50.5404	88.6121	7.57128	
53	5.04956	5.12339	9.45506	0.26169	48.415	26.8625	47.4625	3.92116	91.3825	50.5613	88.2087	7.47082	
54	5.01995	5.15086	9.5475	0.27168	48.2108	26.8925	47.1442	3.92423	91.0433	50.5858	88.6154	7.48076	
55	5.24086	5.34825	9.93461	0.26707	51.9838	26.9213	47.3004	3.95288	91.1425	51.4267	88.7192	7.48208	
56	5.22791	5.33668	10.0671	0.26923	48.395	26.8892	47.2808	3.93499	94.3933	52.7404	89.3862	7.4938	
57	5.30589	5.44289	10.3195	0.27338	48.6463	27.0154	47.5142	3.94333	91.4413	50.9467	89.7421	7.48709	
58	5.3779	5.46663	10.5357	0.27914	48.6692	27.315	47.6346	3.93297	91.5987	51.1954	89.5904	7.49714	
59	5.43502	5.55502	10.7675	0.27912	48.6788	27.14	47.5404	3.95377	92.3367	50.8287	89.1821	7.52082	
60	5.56084	5.69291	11.0729	0.28583	49.0946	27.3604	47.3862	3.95754	91.8425	51.7329	89.9183	7.49998	
61	5.64837	5.74584	11.2709	0.2805	48.9858	27.2404	48.2175	3.95583	91.7904	51.3287	89.3545	7.5721	
62	5.7104	5.84211	11.5288	0.28775	49.1009	27.4313	47.9012	3.95624	92.2696	51.6738	89.7187	7.65203	
63	5.78793	5.9183	11.8612	0.29054	49.6854	27.3775	47.8137	3.97376	95.51	51.5421	89.2667	7.52539	
64	5.98371	6.02709	12.5646	0.29549	49.0892	27.2996	48.0734	3.97163	92.25	51.1796	89.6733	7.5217	
65	5.94498	6.20705	12.3288	0.29622	49.1721	27.3954	48.1841	3.97164	92.1075	51.1492	89.895	7.52839	
66	6.03504	6.22586	12.615	0.29707	49.3529	27.7692	47.8529	3.983	92.3129	51.7713	89.6634	7.56127	
67	6.1783	6.29086	12.8775	0.29404	49.6146	27.525	48.305	4.03497	92.5454	51.2637	90.4029	7.54669	
68	6.20502	6.34709	13.1279	0.29838	49.3845	27.8304	48.44	3.98204	92.3217	51.4338	89.6421	7.54331	
69	6.31922	6.45081	13.405	0.30711	49.8429	27.675	48.6487	3.99335	93.1812	51.44	91.0162	7.55755	
70	6.38371	6.51954	13.6417	0.30084	50.2067	27.832	49.4325	4.00332	92.4992	52.1092	90.2871	7.99455	
71	6.46455	6.60453	13.9321	0.31002	50.2596	27.6296	48.2042	3.99834	92.6296	51.9458	90.6987	7.56121	
72	6.57551	6.71044	14.2395	0.31121	49.6792	28.5999	48.6142	4.02249	92.5725	51.6133	90.4996	7.55832	
73	6.65917	6.78877	14.658	0.30797	50.5104	27.7233	48.5816	4.00792	93.2996	51.7446	90.49	7.56497	
74	6.72955	6.86997	14.785	0.31628	50.2221	27.8433	49.2084	4.01456	93.2554	51.8263	90.3321	7.56455	
75	6.8058	6.96582	15.1758	0.31415	50.2292	27.9359	48.8721	4.03	92.8583	51.8971	90.3666	7.57711	
76	6.88591	7.02919	15.36	0.31627	49.9033	27.8829	49.0033	4.0416	92.8467	51.9225	90.7483	7.59127	
77	7.03623	7.12626	15.6667	0.3221	50.0741	27.9404	49.0221	4.02843	93.3283	51.765	91.2192	7.59002	
78	7.08494	7.26757	16.4825	0.32828	50.8846	28.1354	49.4033	4.25122	93.1409	51.8325	90.8167	7.59336	
79	7.17336	7.2984	16.61	0.33751	50.4221	28.6417	49.1979	4.03404	93.8458	52.4533	90.4242	7.60086	
80	7.23916	7.74837	16.5555	0.33045	50.4512	28.0829	49.2329	4.09124	93.7029	52.1008	91.1129	7.6104	
81	7.30459	7.49993	16.8809	0.33665	51.0871	28.1987	49.4354	4.07167	93.3083	52.0358	91.0058	7.62251	
82	7.38583	7.56626	17.2146	0.3412	50.4117	28.1517	49.7891	4.05041	93.3521	52.1767	91.2291	7.60455	
83	7.46294	7.63672	17.53	0.34206	50.51	28.1975	49.5516	4.08874	93.4942	52.0016	91.1196	7.6583	
84	7.54878	7.79249	17.85	0.34082	50.7413	28.3017	49.5321	4.05417	94.1429	52.2734	91.0912	7.62001	
85	7.66788	7.82499	18.0741	0.34833	50.7008	28.4337	49.58	4.06086	94.1467	52.3142	91.4959	7.6196	
86	7.67743	7.8783	18.4025	0.34331	51.0621	28.5188	49.6579	4.07337	93.7346	52.2942	91.4038	7.62415	
87	7.77783	7.97625	18.7079	0.35117	51.9275	28.3991	49.7667	4.06998	93.8096	52.4096	91.3371	7.63919	
88	7.88334	8.08545	19.0438	0.35167	50.99	28.4645	49.7933	4.0733	93.8929	52.3292	91.8267	7.63335	
89	7.97661	8.16795	19.3883	0.35043	51.0312	28.5196	49.9971	4.07919	94.0042	52.3533	91.5475	7.63503	
90	8.05711	8.24666	19.7351	0.35488	51.0117	29.0367	50.0488	4.07953	94.1279	53.0604	91.6071	7.74044	
91	8.13586	8.34626	20.1937	0.35791	51.6538	28.7558	51.6763	4.19456	93.9375	52.4558	91.8413	7.64913	
92	8.21415	8.41829	20.3496	0.36132	51.2396	28.6817	50.1629	4.09587	94.3425	52.5537	91.9491	7.65029	
93	8.29083	8.49582	20.6812	0.36501	51.3633	28.7109	50.7733	4.10045	95.0313	52.6671	92.2363	7.65869	
94	8.35581	8.5758	21.0533	0.47797	51.3137	28.735	50.3916	4.09835	94.5421	52.5341	92.8496	7.66046	
95	8.47666	8.7221	21.3595	0.36832	51.445	28.8229	50.4546	4.11123	94.8646	52.79	92.2408	7.73995	
96	8.56782	8.76704	21.7012	0.36835	51.5709	28.8367	50.4717	4.11917	95.345	52.695	92.7584	7.68381	
97	8.65001	8.85752	22.0696	0.37039	51.8571	28.9291	50.6225	4.11624	94.5825	52.6892	92.4154	7.67665	
98	9.14085	8.93543	22.5045	0.37919	51.7062	29.1642	51.0696	4.12373	94.7133	52.7967	92.3075	7.84333	
99	8.80208	9.02542	22.76	0.37289	51.7845	29.0287	50.7067	4.12251	95.4534	52.9621	92.5834	7.68834	
100	8.88876	9.1125	23.0754	0.38207	51.9792	29.1646	51.0408	4.12998	94.8708	52.7867	92.48	7.70626	
101	8.97084	9.21292	23.5121	0.38206	51.9492	29.1338	51.4705	4.13958	95.0133	52.9225	92.6955	7.69832	
102	9.07456	9.27754	23.7908	0.38331	52.0638	29.1683	51.0508	4.14239	95.2742	53.2292	93.0796	7.9896	
103	9.20251	9.38583	24.1404	0.38665	52.4187	29.2604	52.1121	4.53498	95.1259	53.2	93.0154	7.69706	
104	9.21414	9.46411	24.5363	0.39421	52.6275	29.2466	51.7479	4.14375	95.6987	52.9792	92.925	7.69957	
105	9.28664	9.53959	24.9179	0.3904	52.4246	29.2537	51.4171	4.1555	95.745	53.1	93.6704	7.76166	
106	9.36124	9.63668	25.2229	0.39464	52.6546	29.3658	51.5346	4.23366	95.6075	53.1771	93.2338	7.87409	
107	9.45792	9.70119	25.5784	0.39797	52.5391	29.4066	51.3391	4.16836	95.7967	53.3787	93.1254	7.73215	
108	9.53214	9.84668	25.9667	0.40291	52.5529	29.4875	51.4075	4.16922	95.4896	53.2992	93.4675	7.73373	
109	9.6179	9.87867	26.3463	0.41032	52.7913	29.4537	51.7612	4.22159	95.4737	53.4013	93.2484	7.78081	
110	9.73963	10.0274	26.8092	0.40783	52.9029	29.8029	51.8767	4.18746	95.5058	53.6862	93.6971	7.75587	
111	9.84831	10.0546	27.1317	0.40463	52.6592	29.623	51.5921	4.20082	95.7071	53.4954	93.805	7.74291	
112	9.88088	10.158	27.4946	0.40833	53.2467	29.6475	51.8475	4.1829	95.7987	53.4117	93.4758	7.7475	
113	9.96497	10.2471	28.048	0.41796	52.8563	29.7654	52.3004	4.18958	95.945	53.6567	93.4909	7.74333	
114	10.0375	10.3246	28.3129	0.41511	53.1704	29.7042	51.96	4.34042	95.8379	53.8245	93.9704	7.74876	
115	10.1879	10.4183	28.6792	0.41876	53.2987	29.805	52.3154	4.19709	96.3875	53.5979	93.8375	7.76245	
116	10.2354	10.6404	29.0624	0.42417	53.3087	29.8987	52.4771	4.21001	96.1287	53.7313	93.8003	7.77452	
117	10.3075	10.5933	29.4471	0.42831	53.6429	29.91	52.7629	4.23333	96.8229	53.7025	94.0796	7.76502	
118	10.3883	10.6817	29.8416	0.42411	53.3996	30.0279	52.3767	4.22664	96.2138	53.6654	94.7738	7.82543	
119	10.5596	10.7758	30.3062	0.42455	53.6	29.9212	52.5046	4.23743	97.4267	53.7029	94.0004	7.87918	
120	10.7091	10.8717	30.7241	0.43572	54.5121	32.4291	52.6846	4.23168	96.8155	53.9745	94.32	7.80124	
121	10.7109	11.0567	31.2016	0.43501	53.8917	30.1196	53.0142	4.22627	96.7784	54.1679	94.6475	7.81124	
122	10.7675	11.0608	31.8166	0.4396	53.7633	30.21	52.675	4.2308	97.1916	53.91	94.4287	7.82706	
123	10.8442	11.1376	31.9675	0.43793	54.1721	30.1108	52.9929	4.24879	97.86	54.7179	94.545	7.79629	
124	10.8925	11.2095	32.4325	0.44168	53.8391	30.1534	52.7646	4.25624	97.0442	54.1546	94.6871	7.7983	
125	10.9692	11.2717	33.2883	0.44377	53.9887	30.2446	53.1067	4.25206	97.3554	54.4692	95.1121	7.8	
126	11.0425	11.3554	33.1504	0.44538	54.2221	30.245	52.9875	4.24579	97.4192	54.4342	95.095	7.80589	
127	11.1646	11.4421	33.7829	0.44791	54.6192	30.3696	53.1346	4.2525	97.325	54.2287	95.4154	8.0275	
128	11.2299	11.5196	34.0595	0.45417	54.2308	30.3225	53.1467	4.31372	97.338	54.1292	94.9808	7.8146	
129	11.3158	11.6354	34.5396	0.45497	54.4067	30.4733	53.1342	4.28254	97.3534	54.5525	95.5179	7.83663	
130	11.4133	11.7054	35.3488	0.4579	55.1825	30.445	53.5788	4.26918	97.5004	54.645	95.4625	7.8358	
131	11.4729	11.9575	35.3005	0.45542	54.3021	30.5646	53.3337	4.26708	97.4813	54.3242	95.6154	7.81958	
132	11.567	11.8904	35.6992	0.45374	55.1425	30.5954	53.5988	4.29338	98.7695	54.3788	96.0588	7.8362	
133	11.72	12.0062	36.1387	0.46378	54.5754	30.5871	53.8479	4.60554	98.1245	54.5092	95.4288	7.83955	
134	11.7125	12.0492	36.83	0.46709	54.5546	30.91	53.5312	4.29175	98.4616	54.4758	95.3645	7.86715	
135	11.8779	12.2	37.2071	0.47164	54.7846	30.8912	53.8704	4.28749	97.9988	54.6362	96.1091	7.85291	
136	12.1446	12.3637	38.5279	0.47664	55.2054	30.8871	54.1112	4.30128	97.7288	54.5954	95.3154	7.86086	
137	12.0438	12.3383	37.9984	0.48454	58.3663	30.8655	54.1521	4.31879	97.8675	54.6295	95.9275	7.86582	
138	12.0629	12.3938	38.3233	0.47583	55.2383	30.8704	54.2429	4.30627	97.7279	54.7591	95.6754	7.86294	
139	12.1846	12.4963	38.9492	0.48497	55.4808	30.9904	54.055	4.32458	98.0425	54.7846	95.7758	7.87082	
140	12.2138	12.5625	39.3049	0.48834	55.05	30.98	54.3121	4.35961	98.6416	54.8896	96.2016	7.90534	
141	12.3858	12.7004	39.8854	0.48171	55.4208	31.2745	54.9417	4.34832	98.5025	55.2367	97.1254	7.93372	
142	12.4504	12.7325	40.1867	0.48789	55.5387	31.0983	54.5575	4.3308	98.5671	54.8246	96.0009	7.8846	
143	12.5012	12.9542	41.065	0.48835	55.8941	31.1117	54.6804	4.32836	98.325	54.9812	96.4892	7.87831	
144	12.5924	12.9246	41.1633	0.4929	55.6329	31.235	54.7588	4.34914	98.5983	55.7537	97.4225	7.88167	
145	12.9787	13.1396	41.5796	0.49334	55.8621	31.2221	54.7463	4.33	98.895	54.9971	96.5033	8.14374	
146	12.7604	13.1008	42.4063	0.49541	55.9454	31.1888	55.0475	4.33746	98.8054	55.1246	96.1925	7.94125	
147	12.8241	13.2246	42.55	0.50499	55.6092	31.7496	54.4408	4.35332	98.5405	55.2	96.6405	7.91217	
148	12.8846	13.2571	43.172	0.50416	56.1	31.3775	55.0087	4.35211	98.7792	55.3429	97.1854	7.90708	
149	12.9808	13.3646	43.4404	0.50334	56.1542	31.3779	55.2242	4.35125	98.7137	55.2187	96.7963	7.94332	
150	13.0346	13.4475	43.8933	0.50869	56.1446	31.4321	55.2395	4.36373	98.8804	55.2438	96.6396	7.9122	
151	13.1237	13.5771	44.405	0.50624	56.6033	31.4312	55.3058	4.3646	99.7404	55.3292	97.0475	7.9183	
152	13.2092	13.6133	45.0767	0.50914	56.2879	31.7146	55.4213	4.36583	99.6517	55.4334	97.2975	7.92505	
153	13.2913	13.6896	45.5779	0.5175	56.1758	31.6117	55.3741	4.36751	99.2304	55.3937	97.4042	7.92788	
154	13.865	13.7809	45.8712	0.51501	56.5112	32.1075	55.7004	4.37544	99.6342	55.5584	97.39	7.9325	
155	13.4609	13.8425	46.3667	0.52035	56.6867	31.6146	55.7308	4.39165	100.385	55.435	97.2688	8.07835	
156	13.5221	13.9462	46.7983	0.5196	56.7079	31.6813	55.925	4.38124	99.4008	55.4896	97.6779	7.96458	
157	13.9383	13.7587	46.9716	0.53586	56.5237	31.8121	55.5775	4.39374	99.6683	55.5241	97.0683	7.95792	
158	13.6921	14.1563	47.9537	0.52375	56.4187	32.1259	55.9713	4.39458	99.3942	55.5934	98.0166	7.95834	
159	13.7975	14.2109	48.4063	0.53369	56.76	31.8367	55.7341	4.42411	99.8738	56.1213	97.4379	7.95751	
160	13.8842	14.3129	48.9559	0.53458	56.5975	31.93	55.9763	4.41626	99.8367	56.1038	98.0754	7.95546	
161	13.9758	14.7213	50.3283	0.53459	56.8504	31.9433	56.2309	4.40708	100.036	55.7729	97.4609	7.96914	
162	14.0559	14.4788	50.0717	0.53927	56.7521	32.4413	56.2987	4.42209	99.9796	55.8767	97.8087	7.99002	
163	14.1237	14.5621	50.523	0.54039	56.8254	32.2001	56.1275	4.42168	100.477	55.9608	97.8075	7.97623	
164	14.2121	14.6566	50.9813	0.54302	57.0471	32.1538	56.0779	4.42047	99.9066	56.0329	98.4092	7.98289	
165	14.2954	14.7454	51.6334	0.54419	57.3409	32.1708	56.2571	4.42708	100.046	56.0371	97.7883	7.98706	
166	14.3671	14.7904	52.005	0.548	57.0454	32.3466	56.2704	4.43959	100.106	56.1513	98.025	8.01166	
167	14.5071	15.0991	53.2371	0.55425	57.2596	32.5775	56.4154	4.43789	101.161	56.3179	98.0713	7.99337	
168	14.6433	14.9875	53.0546	0.55582	57.6538	32.2725	56.9529	4.44709	100.925	56.1696	99.0933	7.99707	
169	14.6258	15.0904	53.8012	0.55841	57.5129	32.3296	56.8396	4.44792	100.723	56.2704	98.472	8.00371	
170	14.7092	15.1663	54.1562	0.56083	58.2275	32.4796	56.8837	4.44497	100.721	56.2121	98.6513	8.01704	
171	14.7771	15.2225	54.6808	0.56457	57.9892	32.4942	57.0146	4.46086	101.117	56.425	98.9163	8.02166	
172	14.8717	15.3933	55.2087	0.565	57.8546	32.5563	57.4029	4.46289	100.722	56.4767	99.2125	8.02823	
173	14.9704	15.4155	55.8438	0.56245	58.0962	32.6167	57.1125	4.46749	100.915	56.5408	98.7654	8.02715	
174	15.0453	15.5254	56.6075	0.56751	58.5804	32.6809	57.3417	4.59959	100.787	56.4571	98.5354	8.02667	
175	15.1433	15.6142	56.5925	0.57295	58.725	32.6875	59.9791	4.83877	101.583	63.4946	98.6046	8.04499	
176	15.2425	15.7787	57.2663	0.57297	57.8333	32.6483	56.9779	4.47582	104.225	56.4649	98.6833	8.05461	
177	15.2954	16.1842	57.7805	0.58372	57.9166	32.6771	56.9908	4.48793	100.951	56.6704	98.9525	8.15248	
178	15.3904	15.8634	58.4783	0.57917	58.3729	32.8234	57.3037	4.48416	101.314	56.6088	98.8421	8.0458	
179	15.4808	16.0546	58.9991	0.57791	58.6855	32.7584	57.3034	4.4942	100.969	57.0013	98.9092	8.05295	
180	15.6012	16.1466	59.5325	0.58246	58.1054	32.8121	57.3679	4.49335	101.497	56.6692	99.86	8.39042	
181	16.5508	16.1126	60.3137	0.5871	58.2329	32.9404	57.9217	4.49792	102.003	57.1058	99.0613	8.06588	
182	15.9063	16.2046	61.137	0.5896	58.4325	32.9054	57.4687	4.50583	102.541	56.7729	99.4667	8.06288	
183	16.0446	16.295	61.3971	0.58956	58.9012	32.9525	57.6067	4.50828	101.899	56.8388	99.7037	8.1004	
184	15.9121	16.435	62.0396	0.59623	59.2737	32.985	57.8412	4.64167	102.089	56.9521	99.4929	8.11711	
185	15.9871	16.6863	62.7204	0.59418	58.7308	33.0783	58.1017	4.52161	102.747	57.0162	99.7517	8.07541	
186	16.0634	16.5426	63.0762	0.59916	58.6404	33.1754	57.8383	4.52006	102.135	57.3804	100.646	8.07959	
187	16.1154	16.762	63.5504	0.61497	59.0784	33.44	59.3017	4.53376	104.39	57.4337	101.575	8.19335	
188	16.3246	16.7571	64.3025	0.59664	59.3725	36.1592	68.5554	4.59329	103.061	57.1784	99.4012	8.1054	
189	16.2929	16.7796	64.8146	0.60208	59.2417	33.2846	58.0737	4.55247	101.89	57.0767	99.7233	8.1029	
190	16.3433	16.9787	65.3438	0.61001	59.02	33.3558	58.2679	4.5425	102.406	57.1533	99.8221	8.09668	
191	16.398	16.7716	65.6933	0.61128	59.1705	33.8913	58.2383	4.54749	102.149	57.2212	100.027	8.10789	
192	16.3313	16.8225	66.6696	0.61122	59.4746	33.4474	58.6017	4.55206	102.208	57.275	100.154	8.10582	
193	16.7642	16.9062	67.005	0.61791	59.2708	33.5725	58.5479	4.79709	102.385	57.3167	99.9654	8.1208	
194	16.4879	17.0858	67.4858	0.61873	59.8167	33.4679	58.6346	4.55787	102.279	57.3671	100.337	8.21998	
195	16.5758	17.0804	68.5887	0.62043	59.4179	33.7417	59.0321	4.56625	102.446	57.3475	100.494	8.12288	
196	16.6688	17.1579	68.7775	0.62417	59.5042	33.63	58.5696	4.57375	103.165	57.8992	100.53	8.12705	
197	16.7488	17.255	69.2475	0.62625	59.865	33.6725	58.9163	4.57419	102.62	57.4538	101.16	8.18038	
198	16.8225	17.3284	70.0375	0.62789	59.62	33.8012	58.8179	4.58167	102.725	57.7037	100.795	8.1371	
199	16.9141	17.4012	70.7442	0.62997	59.6917	33.7213	58.9246	4.63581	102.561	57.6124	100.554	8.1367	
200	16.9954	17.52	71.045	0.62751	59.8613	34.2467	59.2541	4.59039	102.747	57.5838	100.765	8.15369	
201	17.2995	17.81	71.9721	0.63585	59.8359	33.9338	59.1313	4.5892	103.119	57.7633	100.816	8.15039	
202	17.1396	17.6637	72.5842	0.63752	59.9421	33.8992	59.1692	4.59211	103.448	58.1283	100.916	8.18092	
203	17.2746	17.7779	72.9075	0.63998	60.0996	33.8884	59.3392	4.59627	103.13	57.8813	101.575	8.16212	
204	17.3197	17.8438	73.6433	0.64327	60.0071	34.0921	59.3584	4.60209	103.067	58.0879	101.055	8.16537	
205	17.3804	18.0576	74.725	0.64578	60.345	33.9971	59.4283	4.62127	103.06	57.8316	101.264	8.18251	
206	17.4941	18.0416	75.0225	0.65091	60.5425	34.7433	59.4334	4.80955	103.439	58.3367	101.07	8.18378	
207	17.5613	18.0946	75.8563	0.6487	60.3925	34.1254	59.8171	4.61752	103.734	57.9567	101.147	8.27997	
208	17.6412	18.1913	76.0271	0.64921	60.3813	34.3096	59.6008	4.6283	103.587	58.4892	101.216	8.18123	
209	17.728	18.275	76.7133	0.65535	60.5433	34.2692	59.8787	4.63669	103.813	58.32	101.787	8.19542	
210	17.9117	18.7496	77.6692	0.66169	60.6321	34.5021	59.81	4.63876	103.627	58.3304	101.497	8.18961	
211	17.8937	18.4405	78.6917	0.65999	61.1175	34.3475	59.9925	4.63586	103.363	58.1604	101.547	8.1933	
212	17.9816	18.8746	78.65	0.66367	60.6888	34.8858	59.8971	4.63748	103.663	58.2533	101.645	8.20335	
213	18.0442	18.61	79.2758	0.66808	60.7721	34.3896	60.105	4.65464	104.407	58.545	101.55	8.20289	
214	18.2842	18.6909	79.9716	0.66845	60.9033	34.4633	60.1242	4.65219	103.934	58.6304	101.728	8.21039	
215	18.2096	18.7854	80.732	0.67378	61.1537	34.4867	60.2583	4.65802	103.833	58.3492	102.395	8.21501	
216	18.5617	19.2046	81.4533	0.67586	61.1971	34.5671	60.3933	4.66658	104.003	58.3658	101.84	8.21576	
217	18.6429	19.2367	82.9575	0.6946	61.6475	34.6788	60.3425	4.67874	103.935	58.4379	101.999	8.21959	
218	18.8425	19.3337	82.8404	0.67589	62.3104	34.7017	60.7966	4.67253	104.581	58.4592	102.693	8.23337	
219	18.8221	19.4026	83.3612	0.67667	61.9117	34.8634	61.1471	4.67247	104.652	58.5633	102.482	8.23129	
220	18.9479	19.5141	83.8538	0.68212	61.8021	34.8004	61.1388	4.67957	105.195	58.7175	102.707	8.23707	
221	18.9979	19.6409	84.5162	0.68498	62.0883	34.795	61.2079	4.68542	105.05	59.0259	102.871	8.37752	
222	19.0562	19.6533	85.4	0.69251	61.7963	34.9379	61.0108	4.6896	104.661	58.847	102.846	8.25579	
223	19.15	19.7933	85.8425	0.69294	62.0395	34.8833	61.2442	4.70791	104.908	58.8571	102.782	8.24751	
224	19.2367	20.0308	86.0867	0.69541	61.9879	34.9554	61.4633	4.70832	104.745	59.0667	102.497	8.25663	
225	19.2912	19.9204	87.76	0.69448	62.4104	34.9208	61.0296	4.70414	104.934	58.8225	102.726	8.25585	
226	19.3767	19.9967	88.2508	0.70249	61.7746	35.3662	61.11	4.70459	104.795	58.8183	102.756	8.26463	
227	19.53	20.0988	88.8692	0.7029	61.8254	35.1933	61.3113	4.72128	104.761	59.0542	102.848	8.6354	
228	19.5613	20.1966	89.6384	0.70541	62.1387	35.2062	61.4363	4.71828	105.504	59.0654	102.993	8.28046	
229	19.6224	20.272	90.2633	0.70835	62.0717	35.1463	61.3908	4.72463	104.952	59.5033	103.552	8.27706	
230	19.7058	20.3383	90.9317	0.70667	62.1338	35.3162	61.2892	4.72584	105.011	59.0584	103.71	8.28033	
231	19.7813	20.4692	91.685	0.71582	62.2338	35.3692	61.8171	4.72712	105.175	59.275	103.364	8.28751	
232	19.8916	21.0362	92.4196	0.71461	62.4071	35.2704	62.3917	4.73873	105.134	59.1133	103.246	8.28757	
233	19.9788	20.63	93.4004	0.71712	62.4887	35.4208	61.7404	4.73828	105.413	59.1867	103.425	8.32966	
234	20.0963	20.7225	93.8271	0.71794	63.0404	35.4429	61.7408	4.74248	105.469	59.275	103.984	8.30838	
235	20.3142	20.8337	94.2601	0.7221	63.5895	35.4667	61.8512	4.74501	105.672	59.3359	103.444	8.35493	
236	20.2946	21.0138	95.1038	0.73756	62.6233	35.6112	61.9258	4.76831	105.783	59.3067	103.585	8.38037	
237	20.3142	21.0092	95.6946	0.72498	62.6975	35.5325	62.2004	4.75499	106.084	59.4446	103.995	8.30833	
238	20.3567	21.0175	96.4266	0.72546	63.0117	35.9963	62.8367	4.78959	105.696	59.8358	103.716	8.3129	
239	20.907	21.1258	97.2817	0.72831	62.9262	35.625	62.1883	4.76667	106.333	59.7171	104.432	8.32043	
240	21.0775	21.5246	98.7042	0.72994	63.5454	35.8	62.7696	4.76954	106.45	59.7446	104.608	8.52875	
241	20.5162	21.1321	98.5891	0.73959	63.7525	35.7363	62.5463	4.78003	106.787	59.4913	104.118	8.35207	
242	20.7779	21.5354	99.4587	0.73539	63.2779	35.8187	62.4646	4.78169	106.209	59.6642	104.081	8.34458	
243	20.8363	21.5079	100.158	0.74793	63.685	35.9283	62.6025	4.79708	106.045	59.7013	104.444	8.36785	
244	20.9021	21.595	100.985	0.74582	63.1808	36.055	63.1395	4.79676	106.274	60.3821	104.28	8.42293	
245	20.9655	21.7121	102.053	0.74833	63.3617	35.9417	62.6238	4.82407	106.499	59.8804	104.507	8.3475	
246	21.3004	22.0846	103.228	0.74877	63.7767	36.1079	62.7217	4.79879	107.34	60.1429	105.015	8.35547	
247	21.1421	22.4604	104.051	0.76167	63.3387	36.01	62.7	4.80712	106.762	59.9729	104.563	8.35419	
248	21.3055	22.0983	103.684	0.76333	63.5134	36.1192	62.925	4.83125	106.519	60.5895	104.715	8.36292	
249	21.2954	22.1404	105.39	0.75295	63.5841	36.2875	62.9979	4.81791	106.85	60.4721	105.276	8.3725	
250	21.5041	22.3338	104.941	0.76043	64.0254	36.1396	63.257	4.82416	107.423	60.0321	105.345	8.37544	
251	21.4729	22.3263	106.232	0.76246	64.0912	36.2663	63.415	4.84	107.24	60.0425	105.71	8.39039	
252	21.5596	22.4029	106.769	0.7679	64.3566	36.4958	63.6479	4.81794	107.711	60.0842	105.335	8.38124	
253	21.675	22.3175	107.992	0.76743	64.6125	36.3045	63.8529	4.83039	107.848	60.0641	105.399	8.41294	
254	21.7675	22.4346	107.844	0.76878	64.3655	36.4279	63.6938	4.85541	107.238	60.2029	105.313	8.41999	
255	21.9241	22.585	108.65	0.7729	64.4808	36.395	63.5863	4.84206	107.159	60.1542	105.351	8.42081	
256	21.9225	22.6067	109.259	0.77624	64.6813	36.5283	63.7771	4.84795	107.454	60.6354	106.525	8.51289	
257	21.9783	22.6971	110.48	0.9096	65.2671	37.2562	64.3692	4.85038	107.642	60.3758	105.47	8.40994	
258	22.1933	22.7929	111.393	0.77879	64.8425	36.5959	64.315	4.88999	107.663	60.475	105.659	8.41413	
259	22.1513	22.8667	111.767	0.78445	64.7258	36.6029	64.4162	5.10839	107.695	60.5654	105.795	8.41584	
260	22.2208	22.9996	112.41	0.78378	64.93	36.745	64.2371	4.87208	108.721	60.5079	106.167	8.41828	
261	22.2974	23.3263	113.282	0.78713	65.2329	36.7221	64.255	4.86626	108.132	60.7217	106.092	8.42584	
262	22.5121	23.1058	113.851	0.79423	65.1267	36.7371	64.325	4.86247	108.49	60.5067	106.063	8.42666	
263	22.5137	23.2525	114.627	0.79259	65.5917	36.8221	64.6475	4.87331	108.168	61.157	106.217	8.4358	
264	22.5712	23.3125	115.495	0.79295	65.3375	36.85	64.4542	4.88541	108.179	60.9163	107.231	8.59044	
265	22.8362	23.165	118.873	0.80335	64.8071	36.8721	64.3804	4.93457	107.852	60.8096	106.872	9.0683	
266	23.0295	23.5391	117.769	0.80339	65.9575	37.3909	65.1542	4.89247	108.792	61.2483	106.72	8.45498	
267	22.8279	23.58	118.313	0.80282	65.8479	37.0654	64.7188	4.90212	108.321	60.9025	106.927	8.46494	
268	22.8937	23.6446	118.942	0.80711	65.5521	37.0783	64.9679	4.95665	108.64	60.7946	106.6	8.7792	
269	23.0367	23.7004	119.376	0.80793	65.8891	37.6858	64.9604	4.90797	109.436	61.5883	106.918	8.47167	
270	23.3534	23.9175	120.226	0.80916	65.7758	37.1621	65.0321	4.92078	109.908	60.9542	106.658	8.47458	
271	23.1837	24.2049	121.181	0.80913	65.7075	37.6133	65.1679	4.90837	108.59	61.0221	106.733	8.4679	
272	23.2238	23.9862	122.187	0.81625	65.9617	37.3984	65.2833	4.92004	108.971	61.1329	106.886	8.47002	
273	23.3196	24.2938	123.198	0.81746	65.9729	37.4117	65.5346	4.94502	108.837	61.2095	107.089	8.50622	
274	23.5596	24.2621	124.812	0.82415	66.7163	38.0195	65.5821	4.95709	109.459	61.5925	106.747	8.4867	
275	23.6092	24.3263	125.226	0.82749	65.8938	38.2075	65.2133	4.93706	109.498	61.1608	107.908	8.59376	
276	23.5683	24.5376	125.965	0.82502	65.8675	37.4541	65.2512	4.94085	109.115	61.395	107.206	8.50045	
277	23.6925	24.4363	127.002	0.83505	65.8929	37.5675	65.1417	4.94415	109.541	61.85	107.144	8.50123	
278	23.9304	24.4829	127.721	0.83126	65.9363	37.5704	65.3366	4.94459	108.951	61.658	108.282	8.55164	
279	24.0679	24.8245	128.189	0.83712	65.8313	37.5617	65.3154	4.95038	109.04	61.2721	107.572	8.70336	
280	23.9767	24.7245	128.77	0.83375	67.0829	37.7971	65.4638	4.96085	109.445	61.3766	107.819	8.50749	
281	24.0671	24.768	130.365	0.84837	66.1975	37.7267	65.6558	4.97168	109.368	61.6862	107.291	8.51503	
282	24.2246	24.86	130.04	0.84418	66.1829	37.8021	65.5771	5.07829	109.228	61.6129	107.279	8.51627	
283	24.1775	24.9433	131.453	0.84256	67.1125	37.7525	65.92	4.96713	109.369	61.6775	108.216	8.55664	
284	24.2213	24.9963	132.262	0.84584	66.3038	37.7796	65.7171	4.97914	109.521	61.5896	107.488	8.53077	
285	24.3409	25.1217	133.008	0.84708	67.0433	37.9804	65.9113	4.98083	109.267	62.0471	107.566	8.53375	
286	24.3538	25.1596	133.7	0.85079	67.0313	37.9496	65.9296	4.98043	109.413	61.7279	107.632	8.53784	
287	24.5667	25.8721	134.66	0.85334	66.4871	37.8554	66.2484	4.98124	109.722	61.9454	107.669	8.55001	
288	24.5841	25.4025	135.397	0.87173	66.7313	38.3212	66.1675	5.00081	109.732	62.0495	108.733	8.56539	
289	24.6513	25.4454	136.336	0.86252	67.3567	38.5271	66.2983	4.99378	110.127	61.94	107.819	8.55996	
290	24.8312	25.663	137.753	0.85749	66.9883	38.68	66.3571	4.9979	109.814	61.9192	108.012	8.55207	
291	24.8	25.6542	138.193	0.8658	67.2617	38.1888	66.3413	5.00798	109.852	62.1275	108.175	8.56167	
292	24.9175	25.73	138.98	0.865	67.1071	38.7096	66.5329	5.00951	110.142	62.1725	108.096	8.565	
293	25.0146	25.8609	139.794	0.86792	67.5704	38.3613	66.7571	5.02786	110.298	62.0354	108.292	8.56877	
294	25.0734	25.8688	140.498	0.87252	67.6908	38.9621	67.3783	5.02083	109.817	62.1154	108.558	8.58167	
295	25.1412	26.1079	141.451	0.87587	67.9175	38.345	66.955	5.02047	110.18	62.3375	108.248	8.5775	
296	25.2638	26.0575	142.914	0.87748	67.78	38.5246	66.7858	5.0933	110.383	62.2312	108.857	8.59254	
297	25.1333	25.8241	142.66	0.87962	67.6758	38.5337	66.89	5.03217	110.371	62.1492	108.529	8.58963	
298	25.2429	25.8842	144.098	0.87666	68.1879	38.7746	67.0617	5.03915	110.328	62.6513	109.265	8.59711	
299	25.3433	26.0058	145.961	0.88667	67.6942	38.5033	67.2971	5.04836	110.573	62.5963	108.682	8.60125	
300	25.2096	26.0466	146.244	0.89122	67.8854	38.9954	67.1258	5.04378	110.513	62.4566	108.908	8.60164	
301	25.6221	26.5038	147.345	0.88582	67.8242	38.6683	67.4125	5.04881	110.683	62.4508	108.791	8.66415	
302	25.7883	26.5546	148.717	0.89	67.8408	38.7346	67.1925	5.0571	110.751	63.0754	109.038	8.61162	
303	25.9392	26.6512	148.726	0.89375	68.1788	38.8054	67.4579	5.06079	110.838	62.867	109.344	8.61461	
304	25.9437	26.8325	149.765	0.89545	68.4488	40.5196	68.6205	5.07625	115.426	65.0258	127.923	8.63208	
305	25.705	26.4654	150.323	0.90249	68.1188	39.5213	67.5517	5.06874	111.065	62.66	109.158	8.62793	
306	25.865	26.6042	151.377	0.90042	68.1554	38.8654	67.7125	5.07375	111.102	62.8213	109.411	8.63331	
307	26.0395	27.2262	151.683	0.90128	68.3258	38.9033	67.8508	5.08207	111.244	63.0633	109.63	8.64042	
308	25.8804	26.7767	152.92	0.91032	68.4038	38.8767	67.835	5.08707	111.279	62.7512	109.811	8.64168	
309	26.0134	26.7884	154.494	0.90987	68.5637	38.9325	67.84	5.08711	111.401	63.0021	109.945	8.65175	
310	26.0888	26.8671	154.457	0.91037	68.5875	39.0491	67.8187	5.09956	111.303	62.9017	110.165	8.64793	
311	26.6376	26.9605	155.551	0.91612	69.24	39.1529	68.8512	5.09586	112.118	62.9391	110.277	8.64797	
312	26.5625	27.4234	155.673	0.91865	69.2921	39.1363	68.655	5.09713	111.974	63.6508	110.187	8.65917	
313	26.6308	27.5546	157.474	0.92378	69.2917	39.1533	68.7816	5.11129	113.259	63.2162	110.99	8.66001	
314	26.7179	27.6292	157.455	0.9247	69.3488	39.3892	68.8571	5.12043	112.705	63.0221	110.37	8.66077	
315	27.2092	27.7059	158.534	0.92629	69.45	39.3017	69.4454	5.13997	112.24	63.0808	110.753	8.67619	
316	26.8704	27.7554	159.473	0.92292	69.8529	39.2971	68.9112	5.1621	112.707	63.4512	110.493	8.67289	
317	27.0442	27.8487	160.267	0.92707	69.7542	39.6708	69.2042	5.1271	112.486	63.1471	110.499	8.67998	
318	27.0471	27.9471	161.375	0.93206	70.2117	39.405	69.3533	5.12878	112.549	63.1741	111.068	8.68373	
319	27.1654	28.1196	162.607	0.935	70.1608	39.5846	69.2267	5.15291	112.373	63.1725	110.904	8.68998	
320	27.2146	28.1608	163.716	0.93584	70.0379	39.5088	69.41	5.13329	112.613	63.4996	110.52	8.69457	
321	27.3121	28.2325	163.826	0.93628	70.7212	39.7145	69.2991	5.15215	112.692	63.3355	111.007	8.73415	
322	27.4554	28.4104	164.807	0.94546	70.1096	39.5679	69.5183	5.15045	113.329	63.4354	110.942	8.70751	
323	27.875	28.3913	166.07	0.95624	70.0391	39.6608	69.6975	5.15498	113.706	63.6962	112.274	8.86291	
324	27.2266	28.1083	167.266	0.9421	69.9762	39.7379	69.1204	5.14876	112.543	63.5238	111.475	8.80374	
325	27.3337	28.1975	168.262	0.94623	70.5841	39.7971	69.3492	5.15911	113.255	64.0596	111.316	8.71456	
326	27.8	28.7129	169.531	0.95082	69.7884	39.9604	69.3413	5.16962	112.997	63.7246	111.26	8.72802	
327	27.855	28.7222	170.456	0.95418	69.7584	39.9184	69.3329	5.18217	113.447	63.6396	111.302	8.725	
328	27.9992	28.8542	171.376	0.95671	70.132	40.5017	70.0292	5.18043	113.17	63.6921	111.572	8.74998	
329	28.1909	28.945	172.69	0.9571	69.9808	40.41	69.5159	5.18041	113.566	63.8108	111.565	8.73586	
330	28.3387	29.1154	174.676	0.96165	70.7421	39.9429	69.9	5.17876	113.671	63.7663	111.981	8.78753	
331	28.1616	29.2983	174.253	0.96079	70.0275	40.1812	69.5054	5.20042	113.599	63.8695	111.683	8.74293	
332	28.3141	29.1871	175.687	0.96457	70.035	40.1646	69.755	5.21582	113.552	64.0954	112.34	8.89877	
333	28.3392	29.3466	177.545	0.9692	70.593	40.208	69.9517	5.19335	113.679	64.5775	111.718	8.75916	
334	28.3775	29.3271	177.537	0.96916	70.2183	40.6046	70.6896	5.19502	114.129	64.352	112.51	8.76041	
335	28.4784	29.7212	178.374	0.9754	70.74	40.2937	69.8696	5.20329	114.04	64.6129	112.192	8.76543	
336	28.6158	29.5117	179.033	0.97748	70.4642	40.3033	70.4358	5.20998	114.639	64.1042	112.407	8.79506	
337	28.6763	29.6387	180.133	0.98541	71.1933	40.7225	70.24	5.21418	113.875	64.2225	112.14	8.77827	
338	28.7342	29.7113	181.996	0.97795	70.9242	40.7683	70.4513	5.22003	113.915	64.5925	111.99	8.77381	
339	29.6462	29.8883	184.157	1.00953	70.9521	42.4495	71.8917	5.26035	114.05	64.1462	112.51	8.78082	
340	28.9575	29.8987	182.805	0.98793	71.5096	40.6104	71.0871	5.23006	114.319	64.3946	112.59	8.87754	
341	29.1604	30.0467	184.68	0.99002	71.2658	40.4404	70.5555	5.22834	114.432	64.3775	112.515	9.51134	
342	29.1471	30.0496	184.91	0.99125	71.1479	40.475	70.6279	5.23293	114.509	64.4446	113.862	8.79086	
343	29.3633	30.1254	187.615	1.08417	71.8004	41.0879	71.9208	5.25166	114.245	64.5638	112.291	8.86995	
344	28.9183	29.9079	188.067	1.00952	71.3334	40.6638	71.1633	5.24338	114.656	64.6525	112.271	8.80664	
345	28.9834	29.8875	187.838	0.99873	71.1158	40.9217	71.6488	5.24497	114.36	64.5491	112.695	8.80661	
346	29.0487	29.9626	189.437	1.00462	71.7366	40.9825	71.1829	5.25916	114.757	64.8813	112.926	8.82043	
347	29.7074	30.4512	189.68	1.01085	72.2442	40.9225	72.1596	5.39041	115.239	64.8204	113.289	8.87003	
348	29.2238	30.4179	190.396	1.00958	73.0675	40.8484	71.9683	5.48668	114.734	64.88	112.988	8.82129	
349	29.6663	31.0308	191.132	1.01709	72.4283	41.1863	71.8283	5.28536	115.159	64.6487	113.468	8.98497	
350	29.7575	30.7121	192.264	1.01209	72.3316	40.8946	71.9842	5.27546	114.898	65.2834	113.423	8.83707	
351	29.8363	30.9208	193.186	1.01292	72.2687	41.1504	71.9404	5.27959	115.488	64.8438	113.48	8.83168	
352	29.9226	30.9529	194.087	1.01664	72.3791	41.03	72.5888	5.28788	115.196	65.0883	113.33	8.84416	
353	30.0383	30.9825	194.697	1.02258	72.5633	41.0996	71.5616	5.28696	114.685	65.0188	112.895	8.85416	
354	30.0921	31.1725	197.474	1.02249	71.9196	41.255	71.4925	5.31497	114.898	65.0363	113.315	8.9558	
355	30.4679	31.2263	198.525	1.02795	72.6067	41.2121	71.6621	5.30417	115.063	65.0917	113.923	8.85086	
356	30.3538	31.2408	199.442	1.02839	72.225	41.1621	71.7458	5.30752	114.935	65.7413	113.492	8.85497	
357	30.3283	31.3375	200.14	1.02793	72.3438	41.3871	71.7971	5.32959	115.241	65.0445	113.394	8.86249	
358	30.5491	31.9134	201.64	1.03291	72.18	41.3729	71.8488	5.31291	114.942	65.4733	113.779	8.94333	
359	30.83	31.5979	202.149	1.03626	72.7167	41.4863	72.2779	5.32375	115.722	65.7371	113.801	8.9362	
360	30.5645	31.5883	202.397	1.03955	72.9633	41.5063	76.79	5.32789	117.091	65.6196	114.03	8.91039	
361	31.1017	31.8196	203.201	1.04428	73.0909	41.4008	72.7067	5.33044	115.598	65.1683	114.533	8.89002	
362	31.2637	32.0563	204.492	1.04391	73.0671	41.6238	73.5204	5.34244	115.742	65.498	114.886	9.26881	
363	31.0992	32.1363	206.604	1.04753	73.055	41.8159	73.2521	5.34961	116.537	65.6308	114.443	9.1104	
364	30.9025	31.9804	206.049	1.04913	73.5704	41.6446	73.6392	5.33956	116.318	65.4795	114.778	8.89293	
365	31.0096	32.0404	206.909	1.05377	73.4609	42.0212	76.5805	5.33751	116.159	65.4416	115.161	8.91251	
366	31.1079	32.2292	208.721	1.05242	73.3804	42.0429	72.9967	5.35831	116.331	65.7771	114.822	8.89918	
367	31.2446	32.655	209.883	1.05334	73.9054	41.8129	73.18	5.34457	116.385	65.5621	114.993	8.95246	
368	31.2837	32.2621	210.313	1.15831	74.1238	42.2729	73.1012	5.36831	117.409	65.7838	114.675	8.90926	
369	31.3796	32.4175	211.93	1.06087	73.7358	41.8679	73.7484	5.36708	116.505	65.8309	114.958	8.94079	
370	31.7304	32.5559	212.166	1.06419	73.6162	41.8245	73.3788	5.36791	116.457	65.7467	114.94	8.98495	
371	31.7813	32.6071	213.896	1.06792	73.6983	41.8496	73.5016	5.38579	117.024	65.8121	115.485	8.92867	
372	31.8833	33.0454	214.652	1.07457	73.9375	42.005	73.665	5.38999	116.805	65.7884	115.971	8.93371	
373	31.6559	32.715	215.817	1.07288	74.0063	42.5908	74.1846	5.38084	117.406	65.9037	115.194	8.93122	
374	31.7029	32.9675	216.654	1.07541	74.1392	42.1154	74.5091	5.39586	117.967	65.8733	115.248	8.97037	
375	31.8617	32.9229	217.918	1.07918	74.8604	42.2517	74.0775	5.3854	117.029	66.08	115.53	8.94793	
376	31.86	32.9671	219.383	1.08165	74.4009	42.6396	74.51	5.41003	117.2	66.1634	115.294	8.94832	
377	32.37	33.1317	220.044	1.0863	74.3041	42.3408	73.7562	5.40001	117.658	66.1838	116.072	8.95747	
378	32.0183	33.1512	221.437	1.08541	74.3608	42.2516	74.0704	5.40122	118.198	66.1258	115.828	8.95666	
379	32.1662	33.2717	222.247	1.08414	74.5921	42.9142	74.1663	5.40797	117.368	66.2713	115.829	8.96709	
380	32.2154	33.2683	223.952	1.08623	74.6888	42.3625	74.2942	5.41586	117.39	66.2559	115.67	8.97209	
381	32.3605	33.5421	224.885	1.09375	74.6941	42.3787	74.4533	5.41334	117.969	66.3954	116.267	8.9725	
382	32.3959	33.5317	225.259	1.09799	75.1004	42.6984	74.4901	5.41582	118.137	66.5946	115.81	8.98083	
383	32.4775	33.63	226.152	1.09503	75.0429	42.5251	75.0333	5.42632	117.806	66.4546	116.042	8.98126	
384	32.5287	33.7529	227.823	1.10247	75.5176	42.6654	74.6875	5.43662	117.735	67.4783	116.331	8.98003	
385	32.6979	33.5675	228.588	1.09916	74.5849	42.6079	74.445	5.44293	117.695	66.5709	115.88	8.99288	
386	33.1	34.0367	231.315	1.10663	74.6188	42.6084	74.1362	5.44047	117.893	66.9109	116.088	9.00416	
387	32.9129	33.9637	231.825	1.11044	74.5379	42.7092	74.5779	5.44208	117.985	66.6325	116.445	9.00749	
388	33.07	33.9746	234.216	1.1109	75.1516	42.8695	74.8179	5.48045	118.184	66.6996	116.129	9.21706	
389	32.5542	33.8592	235.145	1.11459	74.7666	42.7896	74.56	5.45501	117.834	66.6712	116.224	9.01209	
390	33.0438	33.6696	234.937	1.11669	74.7929	43.0504	74.3817	5.46458	117.711	67.0279	116.151	9.03494	
391	32.7546	33.9975	236.105	1.11668	74.925	42.8796	74.8942	5.45955	118.062	66.8883	116.357	9.02042	
392	32.8442	34.0666	237.577	1.12167	74.9479	42.9167	74.9158	5.48578	118.406	67.2955	116.34	9.03781	
393	32.8709	33.9396	237.88	1.12164	74.9034	42.9496	75.1954	5.50662	118.313	66.81	116.735	9.12837	
394	33.4121	34.5441	243.356	1.22042	75.1633	43.2308	74.8391	5.48957	118.75	66.9675	117.233	9.04911	
395	33.8574	34.6229	240.22	1.13624	75.8729	43.2525	75.7117	5.49126	118.882	66.9267	117.127	9.17957	
396	33.7729	34.5417	240.785	1.13255	75.58	43.15	75.0008	5.49086	118.319	67.02	116.973	9.06095	
397	34.0004	35.1363	242.298	1.1929	75.3163	43.1717	75.5975	5.63041	118.308	67.0633	117.386	9.04708	
398	33.2579	34.3708	243.897	1.13377	75.8646	43.4958	75.2742	5.49874	118.426	67.7188	116.586	9.05127	
399	33.3113	34.5359	244.724	1.1346	75.4792	43.6025	75.1237	5.49624	118.563	67.2575	116.829	9.0617	
400	33.5724	35.1408	247.174	1.14166	75.7696	43.4829	75.2783	5.5058	118.867	67.1054	117.464	9.06165	
401	33.5117	34.5971	249.66	1.14332	76.235	43.2883	75.4192	5.51337	118.382	67.2004	117.376	9.06536	
402	33.5912	34.7817	249.18	1.15334	75.6725	43.3892	75.4908	5.55002	118.806	67.3546	117.628	9.45951	
403	34.2608	36.27	251.508	1.16001	78.5212	43.5521	76.3421	5.52583	120.608	67.3075	117.684	9.07787	
404	34.3154	35.4496	250.58	1.15086	76.6508	43.65	76.2934	5.64543	119.346	67.3288	117.74	9.44421	
405	34.5238	35.4946	250.87	1.15289	76.4679	43.6196	76.2883	5.52414	119.877	67.5079	117.977	9.44171	
406	34.4054	35.6742	252.245	1.15505	76.7317	44.0837	76.6341	5.63251	119.98	67.5517	118.041	9.25956	
407	34.212	35.6679	254.395	1.16035	76.1329	43.5583	76.2054	5.72331	119.623	67.5187	118.394	9.09954	
408	34.6858	35.97	256.504	1.16213	76.3046	43.6837	76.1104	5.54783	119.565	67.52	118.365	9.34707	
409	34.6888	35.8541	258.154	1.16288	76.9534	43.8208	75.9404	5.545	119.505	67.5142	117.921	9.09789	
410	34.2454	36.0392	258.893	1.25127	77.16	44.465	77.4263	5.59708	120.662	67.7587	118.981	9.10494	
411	35.1075	36.2246	258.059	1.27369	77.3417	43.7971	77.0246	5.54999	119.785	67.7375	118.142	9.10665	
412	35.3821	36.0712	259.26	1.17247	77.2088	43.925	76.9833	5.55414	120.179	68.165	118.414	9.11331	
413	35.0091	36.2451	260.893	1.17417	77.7338	44.2921	77.8608	5.56458	120.027	67.9058	118.52	9.12002	
414	35.1292	36.2596	261.928	1.17129	77.4337	43.9796	77.0779	5.56624	120.039	67.8025	118.674	9.44963	
415	34.88	36.1358	263.998	1.17799	76.8158	44.0087	76.5283	5.5712	119.71	68.1146	118.182	9.12711	
416	34.9742	35.9442	265.438	1.18172	76.9179	44.0633	77.2345	5.58252	119.877	68.0571	118.281	9.14414	
417	34.8425	36.7454	266.312	1.18541	76.9162	44.2696	76.6187	5.58043	120.213	67.96	118.538	9.13665	
418	34.9291	36.7679	267.205	1.18913	77.12	44.3575	76.7463	5.74496	119.86	68.4679	118.505	9.14254	
419	35.4825	36.6533	268.72	1.18666	77.1442	44.1909	77.4525	5.59502	120.451	68.0812	118.485	9.14336	
420	35.6167	36.7538	270.708	1.19706	77.1008	44.2284	77.0671	5.59086	120.464	68.3583	119.05	9.15578	
421	35.7351	37.3725	269.503	1.19416	77.7859	44.5633	77.7925	5.63459	120.586	68.3262	120.198	9.15829	
422	35.9621	36.9733	271.168	1.19663	77.8625	44.3946	78.2633	5.6025	120.454	68.1812	118.727	9.16421	
423	35.7695	36.5158	272.123	1.19624	77.3391	44.5371	77.32	5.605	120.347	68.4879	118.923	9.16715	
424	35.3613	36.7704	275.631	1.20418	77.6704	44.6	77.7108	5.64874	120.254	68.3254	118.752	9.19873	
425	35.7562	37.3246	275.806	1.20539	77.4929	44.4733	77.3688	5.61871	120.343	68.2267	119.391	9.35579	
426	37.205	36.7791	278.368	1.20874	78.2263	44.5309	78.2471	5.65626	122.07	68.6571	119.525	9.18327	
427	36.3163	37.3954	276.989	1.21166	78.8459	44.7333	78.2991	5.63206	121.164	69.2487	119.607	9.18169	
428	36.2967	37.5233	278.91	1.20837	79.5717	45.0246	78.1263	5.73543	120.947	68.3746	119.682	9.19878	
429	36.3505	38.0296	279.674	1.21493	78.7325	44.7242	78.2917	5.63498	121.514	68.4983	120.182	9.19454	
430	36.4354	37.8513	280.157	1.21417	78.7404	44.7667	78.5384	5.6408	121.753	68.495	119.889	9.2029	
431	36.5512	38.1212	281.677	1.21955	79.0658	45.1225	78.8196	5.65173	121.644	68.7533	120.395	9.34961	
432	36.6104	37.8292	282.301	1.22497	78.3175	45.1004	78.1567	5.67909	121.788	69.1133	120.679	9.21123	
433	36.7037	37.8671	285.52	1.22169	78.6104	44.8592	78.9433	5.64959	122.681	68.7296	120.193	9.20997	
434	36.8796	37.9862	285.848	1.23497	78.9691	45.0941	78.6834	5.66254	121.597	69.1454	120.596	9.3171	
435	37.2766	38.9026	286.06	1.2267	78.8554	44.9846	78.8425	5.6612	123.837	69.1621	120.112	9.21412	
436	36.9033	38.1925	288.333	1.23041	79.4346	45.2471	79.5204	5.66544	122.312	68.8888	120.765	9.22253	
437	36.9975	38.2371	289.125	1.23377	78.5946	45.1517	78.2737	5.76412	121.901	69.2967	120.56	9.23502	
438	37.5629	38.3755	290.189	1.2379	79.065	45.2375	79.5254	5.87252	122.839	68.9812	120.716	9.27335	
439	37.2429	38.5142	291.633	1.2429	80.0563	45.0992	79.1179	5.68502	122.37	68.8617	120.837	9.23331	
440	37.5296	38.6513	294.463	1.24459	79.2358	45.2617	79.0321	5.69083	122.245	68.995	120.906	9.245	
441	37.335	38.7529	294.031	1.24212	79.5554	45.2133	79.8674	5.69709	122.337	69.2404	120.839	9.24334	
442	37.3979	38.8142	296.028	1.24587	79.61	45.2512	79.2988	5.69211	122.265	69.4579	120.665	9.25747	
443	37.6688	38.7479	297.431	1.25249	80.1525	45.3117	79.5467	5.7025	121.844	69.7996	120.527	9.25414	
444	37.082	38.3301	298.838	1.25916	79.5888	45.9079	78.8113	5.70418	122.262	69.4033	120.522	9.26705	
445	37.0966	38.3366	300.676	1.25041	79.2775	45.5734	79	5.7038	122.171	69.3129	121.284	9.27253	
446	37.36	38.4763	301.252	1.25879	79.2771	45.5571	79.5687	5.7687	122.674	69.3429	121.383	9.27712	
447	37.2983	38.5608	303.723	1.2612	79.2308	45.7513	79.3854	5.71492	122.191	69.7617	121.522	9.46835	
448	38.0783	39.1958	304.196	1.26206	79.5771	45.6321	79.4583	5.72169	122.81	70.065	121.405	9.28132	
449	38.1295	39.2633	305.359	1.26631	80.3742	45.6771	79.3487	5.73126	123.018	69.4333	121.55	9.42052	
450	38.0446	39.3179	307.048	1.26499	79.5004	45.6667	79.3863	5.79041	123.002	69.6179	122.237	9.28213	
451	38.1192	39.6563	308.397	1.2729	79.6642	45.6888	79.99	5.73626	123.303	69.585	121.633	9.33839	
452	38.3083	39.6233	309.755	1.27417	80.1554	45.7763	79.5425	5.74375	123.281	69.8217	121.689	9.29418	
453	38.4888	39.6337	311.659	1.27584	79.7654	45.9496	79.7016	5.75085	122.777	70.1754	122.203	9.31123	
454	39.0037	39.7396	310.432	1.27795	80.3592	45.7808	79.775	5.74747	122.951	69.815	121.385	9.31	
455	38.4904	40.0559	312.802	1.28498	80.5629	46.1466	80.0025	5.9763	123.635	69.6579	121.697	9.31583	
456	38.6341	39.9604	313.933	1.28462	80.0804	45.9813	80.3	5.7946	123.254	69.6433	122.198	9.69795	
457	39.1104	40.0092	315.723	1.28582	80.4446	46.012	80.3825	5.84784	124.055	70.1483	122.271	9.32294	
458	38.9041	40.0913	317.45	1.28582	80.1309	46.1371	81.5159	5.78462	123.923	69.9396	122.257	9.33205	
459	38.2684	39.6212	317.039	1.29421	80.4284	46.4484	80.3363	5.94628	124.879	70.2171	408.572	13.1779	
460	62.1562	41.6288	319.669	1.29256	80.9629	46.2154	81.4017	5.78411	124.259	70.2092	122.617	9.33377	
461	39.0562	40.4679	320.523	1.29585	80.6367	46.1883	80.595	5.78288	125.041	69.9933	122.913	9.34331	
462	39.0617	40.3146	323.391	1.33049	81.5792	46.2246	80.9125	5.81291	124.731	70.7304	122.317	9.36085	
463	40.7346	40.6308	321.724	1.30621	81.7562	46.2366	81.58	5.80291	124.116	70.4596	122.726	9.36087	
464	39.5791	40.7241	322.724	1.30163	81.185	46.3213	81.1712	5.81121	124.084	70.2137	125.739	9.36833	
465	39.3033	40.85	323.944	1.29999	81.8641	47.2821	82.1846	5.80792	125.553	70.7087	123.077	9.42413	
466	39.6679	40.8842	325.483	1.31001	80.7692	46.3788	80.5071	5.82332	123.92	70.2929	122.279	9.35953	
467	39.53	40.7833	328.976	1.31045	81.0354	46.6191	80.7571	5.81462	123.799	71.3804	122.534	9.38833	
468	39.5929	40.9996	329.957	1.31501	80.79	46.6229	81.565	5.80541	123.825	70.4942	122.591	9.3675	
469	39.6054	41.0571	332.107	1.31127	81.6913	46.6783	80.9967	5.81792	124.248	70.3608	122.89	9.37665	
470	39.7317	41.1125	333.057	1.32413	81.2696	46.5804	81.0125	6.33331	124.297	70.3192	123.337	9.4325	
471	39.7937	41.215	334.199	1.32542	81.2154	46.6292	81.0588	5.83916	124.208	71.1017	122.737	9.39082	
472	39.9371	41.2767	335.497	1.32454	81.1171	46.7754	81.2754	5.82669	124.604	70.5717	122.819	9.39175	
473	40.03	41.4654	336.91	1.3304	81.3463	46.7729	81.4458	5.83164	124.569	70.6217	123.594	9.39376	
474	40.1029	42.2292	337.691	1.33086	81.4017	46.7575	82.1587	5.84759	125.4	70.6833	122.932	9.40247	
475	39.6558	40.9675	339.359	1.33293	82.0846	47.1817	82.2901	5.84505	124.521	70.7675	123.537	9.40625	
476	39.8191	41.4925	340.15	1.33464	81.6909	47.0025	81.6187	5.95508	125.419	70.8279	123.376	9.40613	
477	39.7092	41.3817	342.536	1.33335	81.6916	47.0025	81.8463	5.8587	124.801	70.7533	123.321	9.41269	
478	40.1413	41.7871	342.913	1.33377	81.7796	47.0625	81.7346	5.86329	125.356	71.0596	123.529	9.41961	
479	39.8775	41.2591	345.12	1.34125	81.9204	47.1175	81.7821	5.86211	124.828	71.0992	123.517	9.42832	
480	40.7321	42.7567	344.424	1.33874	82.7217	47.1642	82.5662	5.89459	126	70.9983	124.109	9.53457	
481	41.0605	42.0229	345.379	1.34832	82.8009	47.1713	82.6979	5.875	125.361	71.0492	123.969	9.44125	
482	41.2409	42.7779	347.532	1.34457	83.0908	47.3825	83.0325	5.87581	125.652	71.2159	124.098	9.44212	
483	40.8167	43.0258	349.201	1.35248	82.7883	47.6271	82.6767	5.90755	125.39	71.3505	123.4	9.44037	
484	40.3021	41.7842	351.013	1.35794	82.2525	47.3496	82.5159	5.90625	125.047	71.0925	124.255	9.44955	
485	41.2808	42.4613	351.686	1.36413	82.6296	47.4534	83.1521	5.89869	125.858	71.3108	124.51	9.45335	
486	41.4425	42.5783	352.659	1.35635	83.2092	47.4637	83.9125	5.89795	125.978	71.4525	124.391	9.45251	
487	41.1117	42.5579	353.886	1.35915	83.1729	47.4829	83.0621	5.92162	125.895	71.2187	125.041	9.45538	
488	41.2063	42.6812	355.618	1.36205	83.4163	47.74	83.7388	5.90452	126.626	71.6154	124.666	9.46374	
489	41.2338	42.8971	356.747	1.36291	83.2717	47.7371	83.4741	5.91279	126.362	71.4096	124.765	9.46417	
490	41.5229	43.0117	358.6	1.36749	82.5238	48.0537	82.5054	5.91379	125.688	71.3758	124.353	9.46712	
491	41.5087	43.0587	361.367	1.36994	82.7454	47.7388	82.54	5.92707	125.803	71.9262	124.403	9.48292	
492	41.5675	43.178	363.309	1.37371	83.3337	47.8725	82.8379	6.05628	125.598	71.4438	124.625	9.47957	
493	41.6463	43.0675	363.995	1.38543	82.8804	47.7679	82.6883	5.9334	126.062	71.8737	124.627	9.4779	
494	41.9425	43.2563	365.547	1.41542	83.325	47.8087	82.8617	5.94701	126.226	72.1063	125.17	9.49832	
495	41.6587	42.6742	364.996	1.38997	82.8379	47.8	83.1604	5.93206	127.366	71.5521	124.622	9.49541	
496	41.9171	43.3446	368.998	1.38253	83.125	48.0088	83.1108	6.05752	125.909	71.8188	124.917	9.49833	
497	42.0129	44.1342	369.334	1.43709	83.0783	47.9617	83.1263	5.93625	126.331	71.8116	124.955	9.49916	
498	42.1091	43.5729	372.078	1.39123	83.1438	47.9612	83.3333	5.94085	126.273	71.9492	125.23	9.50754	
499	42.2463	43.6638	372.187	1.39166	84.2296	48.1796	84.6175	5.95082	127.168	71.9754	125.635	9.52171	
500	42.2491	43.8459	372.28	1.3908	83.9013	48.0746	83.9129	5.95166	127.115	71.8558	126.36	9.52831	
501	42.4409	43.8179	373.014	1.39619	84.4758	48.0529	83.9112	5.97085	126.993	72	126.052	9.55789	
502	42.5654	44.4621	375.21	1.40121	84.2291	48.5458	84.495	5.95747	128.142	72.8725	126.377	9.52629	
503	42.5492	44.0588	378.348	1.39961	84.625	48.6821	84.8221	5.95461	127.565	72.1921	126.15	9.5366	
504	42.7967	44.4633	377.381	1.40713	85.0534	48.6716	84.0767	5.96791	127.192	72.1713	125.235	9.63001	
505	42.0892	43.4908	379.304	1.40205	83.725	48.58	83.6883	5.97004	127.08	72.0713	126.529	9.53585	
506	42.1958	43.77	381.825	1.40838	83.7721	48.6979	84.26	5.98284	127.125	72.1788	125.66	9.54334	
507	42.3104	43.5971	382.748	1.41257	84.0287	48.5976	83.8558	5.97252	126.879	72.4813	127.132	9.68297	
508	42.2817	43.7725	384.446	1.41493	84.6508	48.8062	84.2913	5.97913	127.319	72.3279	125.819	9.56462	
509	42.6187	43.8912	386.556	1.41573	84.1679	48.9075	84.1138	5.98122	127.484	72.9175	127.027	9.61542	
510	43.1991	45.5805	393.195	1.42022	84.3241	48.8975	84.3075	5.9892	127.24	72.4063	126.032	9.90256	
511	43.3095	44.6417	390.111	1.42664	85.1504	49.4558	85.4259	5.99249	128.424	72.5158	126.616	9.5742	
512	43.2525	44.7641	388.808	1.42222	85.3954	49.1554	85.0587	6.00333	127.925	73.5654	127.552	9.64501	
513	42.7225	44.7625	392.371	1.4287	86.0063	50.1025	85.6	6.01872	127.988	72.7509	126.664	9.57543	
514	43.4179	44.9308	392.338	1.4425	85.3025	49.3071	85.4671	6.0054	128.682	72.8175	126.991	9.58292	
515	43.742	45.0254	394.895	1.43248	84.6313	49.7725	84.6421	6.00748	129.575	73.0233	127.107	9.66587	
516	43.74	45.2408	397.32	1.43246	85.3659	49.4362	85.1458	5.99708	127.764	72.6442	126.222	9.59672	
517	43.7075	45.1863	398.581	1.44537	85.6121	49.4049	84.6958	6.00168	127.925	73.0383	126.45	9.60206	
518	43.75	45.3871	399.42	1.44291	84.745	49.7871	84.995	6.00416	127.72	73.02	126.502	9.59536	
519	43.8721	45.6838	400.91	1.44085	84.9642	49.7308	85.1538	6.00581	128.289	72.9721	126.852	9.60626	
520	44.1388	45.3813	402.547	1.44663	85.0975	49.9371	85.1279	6.01253	127.92	72.8429	127.245	9.61037	
521	43.9712	45.6687	403.981	1.44713	85.7225	49.7379	85.1979	6.01918	128.101	73.0338	126.781	9.62294	
522	44.1921	45.6996	404.869	1.44833	85.2262	49.9004	85.1346	6.0191	129.11	73.0379	126.972	9.6225	
523	44.3154	45.6859	406.691	1.45251	85.6079	49.8988	86	6.02124	128.39	72.8979	128.207	9.64208	
524	43.7458	45.1292	405.402	1.45913	85.4991	50.212	85.2975	6.02082	128.218	73.1954	126.883	9.68498	
525	44.2771	45.1983	409.176	1.45877	85.2608	50.2675	85.3733	6.01799	128.396	73.5834	127.097	9.62917	
526	43.9429	45.3258	410.386	1.46043	85.6792	50.3121	85.8187	6.03381	128.463	73.8137	127.702	9.6429	
527	44.6058	45.4062	411.803	1.47125	85.5266	50.2709	86.2817	6.02749	128.567	73.2162	127.287	9.63872	
528	43.9417	45.4746	413.874	1.46584	86.0079	50.3046	85.7996	6.03201	129.103	73.6604	127.448	9.64165	
529	44.6604	46.1962	415.752	1.46672	85.6933	50.3854	85.8767	6.03506	128.517	73.7425	127.353	9.65541	
530	45.3312	46.32	417.165	1.47084	85.9816	50.8416	86.515	6.04218	128.863	73.3296	127.33	9.65462	
531	45.0208	46.3604	418.437	1.46955	85.9417	51.2396	86.6205	6.04301	130.059	73.6759	128.225	9.66494	
532	44.4108	45.7638	418.097	1.47878	86.3395	50.8742	86.255	6.04336	129.516	73.7658	127.993	9.66416	
533	45.6337	46.5546	418.224	1.48038	86.8288	50.7125	87.3604	6.03624	129.472	73.3346	127.98	9.6741	
534	45.0542	46.545	420.125	1.61124	86.8204	50.7508	87.2571	6.04501	129.779	74.0695	128.768	9.67078	
535	45.345	46.7313	423.644	1.48093	87.0987	50.9217	87.3675	6.05042	130.044	73.7467	128.637	9.67088	
536	46.0526	46.7271	424.348	1.48746	87.415	51.0141	88.1012	6.04998	129.958	73.8721	128.806	9.68163	
537	45.5817	46.8775	425.504	1.48838	86.5595	51.1512	86.6975	6.05088	129.658	73.8442	128.75	9.68665	
538	45.0767	46.3471	428.661	1.48914	86.7242	51.3662	86.6813	6.05999	129.384	73.7046	128.344	9.6921	
539	44.8554	46.3521	429.244	1.49457	86.7829	52.0496	86.9546	6.05915	129.612	74.0004	128.191	9.69582	
540	45.0858	46.7758	430.897	1.49708	86.6179	51.4371	86.7313	6.06585	130.006	74.2329	128.358	9.70244	
541	45.5467	46.6276	432.988	1.5037	86.6129	51.9917	86.9733	6.06628	129.643	74.1092	129.215	9.71377	
542	45.7475	47.2833	432.408	1.50002	88.2471	51.3096	87.8829	6.07877	130.45	73.7738	128.925	9.71662	
543	45.8662	47.4425	435.559	1.50249	87.67	51.4142	87.9192	6.07209	130.933	73.94	129.288	9.71251	
544	45.9725	47.6087	436.684	1.50874	87.8617	51.4237	87.9659	6.06752	130.644	74.6359	129.413	9.8234	
545	46.0166	48.2429	437.473	1.50708	88.0233	51.9513	88.0058	6.12376	130.853	74.155	129.414	9.72379	
546	46.8454	47.6895	439.021	1.5121	87.5529	51.8883	87.7508	6.0725	129.985	74.1112	129.046	9.72412	
547	45.6379	47.0321	442.173	1.51458	87.6871	51.945	87.4662	6.07791	130.667	74.2788	128.82	9.72913	
548	45.6017	47.0792	443.473	1.51662	87.2412	51.99	87.61	6.07789	130.431	74.2446	129.607	9.73249	
549	45.7575	47.4734	444.632	1.53167	87.7821	52.4704	87.8613	6.53542	131.343	74.3763	129	9.7404	
550	46.1138	47.6796	446.358	1.53634	87.8858	52.3042	87.8346	6.09754	130.98	75.2558	129.697	9.75086	
551	47.0267	48.075	448.919	1.52796	87.5729	52.1666	88.0625	6.08584	130.452	75.2146	129.712	9.75838	
552	46.5642	48.3371	450.97	1.52626	87.5729	52.4713	87.9175	6.22371	130.881	74.3596	129.334	9.75161	
553	47.2992	48.2938	451.583	1.53415	87.6121	52.8912	88.1762	6.09085	130.78	74.4592	129.795	9.75204	
554	46.8233	48.8133	453.293	1.53296	87.8729	52.395	88.0138	6.09627	131.262	74.318	129.48	9.76998	
555	46.885	48.4996	455.281	1.54004	89.1	52.5971	89.2975	6.09795	131.445	75.4125	130.301	9.77336	
556	47.0267	48.4867	453.035	1.55251	88.9221	52.4525	89.1129	6.09622	131.575	74.7087	130.759	9.76915	
557	47.51	48.7371	455.285	1.53586	89.1279	53.4729	89.3337	6.09744	131.769	74.6608	130.438	9.77787	
558	47.1017	48.6846	456.811	1.5483	89.1125	52.8479	89.4167	6.10455	132.188	74.8046	134.826	10.4108	
559	47.2184	48.9579	458.911	1.54709	88.9225	53.0067	89.0392	6.17208	131.74	74.5804	131.21	9.79141	
560	47.2592	48.8488	460.611	1.54086	88.4408	52.9809	88.7416	6.11585	131.255	74.7079	130.137	9.78843	
561	47.3129	49.395	464.207	1.5492	88.3821	53.4908	88.6387	6.11083	131.048	74.9029	129.756	9.80171	
562	46.9375	48.3341	465.435	1.54998	88.5625	53.0654	89.3813	6.12087	131.844	75.1867	130.119	9.79743	
563	46.7946	48.4975	466.762	1.55044	88.6058	53.2621	89.4867	6.24129	132.26	75.5483	130.658	9.80708	
564	47.7517	49.5979	466.664	1.5558	89.5979	53.3987	89.7133	6.16667	131.981	75.0987	131.488	9.82004	
565	47.8134	49.2579	467.395	1.5596	90.0154	53.1025	89.8621	6.12375	132.184	75.5421	131.324	9.82624	
566	47.7475	49.5621	470.294	1.56292	89.9224	53.2096	90.4834	6.12545	133.007	75.1516	131.15	9.82087	
567	47.9563	49.4475	470.84	1.56123	89.8391	53.3084	90.0096	6.13588	132.902	75.2354	131.112	9.82743	
568	48.6487	49.5413	473.804	1.56375	89.8654	53.6271	90.2616	6.13417	132.821	75.0737	131.939	9.83203	
569	48.075	49.6554	476.36	1.57336	88.9658	53.6583	89.5479	6.1354	132.075	75.3238	130.881	9.8437	
570	47.895	49.1654	477.39	1.57037	89.1325	53.9758	89.5738	6.1388	131.86	75.3537	130.638	9.83792	
571	47.5587	49.0717	479.577	1.57164	89.3117	53.8808	90.095	6.13373	132.099	75.3746	131.099	9.83967	
572	47.6092	49.3133	480.446	1.57541	89.4008	53.9808	89.7638	6.14382	132.585	75.2816	131.143	9.8475	
573	48.3725	50.1308	483.239	1.58002	89.3712	54.0217	89.7425	6.14242	132.093	75.4433	131.317	9.9025	
574	48.4067	50.1241	484.55	1.57914	89.4937	54.2341	89.7796	6.14463	132.246	76.0833	130.91	9.86919	
575	48.5688	50.1462	484.788	1.58247	89.9912	54.2971	89.8412	6.14827	132.273	75.5892	131.102	9.8671	
576	48.6721	50.2912	487.775	1.58959	90.2358	54.2891	91.3946	6.27712	133.084	75.5483	131.55	9.86703	
577	49.0954	50.3892	487.728	1.59335	90.8062	54.5387	90.9517	6.30827	133.756	75.5346	132.072	9.87376	
578	48.97	50.45	488.364	1.5929	91.1538	54.4725	91.015	6.15418	133.246	75.7254	132.489	9.87461	
579	49.0479	50.5542	490.194	1.59337	90.6396	54.5546	91.7354	6.15748	133.315	75.7704	133.112	9.87792	
580	48.9846	50.6317	491.096	1.59537	91.2542	54.2275	91.1233	6.16465	133.776	75.8708	131.949	9.88002	
581	49.0351	51.3379	492.603	1.5938	90.8387	55.373	91.3963	6.1629	133.893	75.7921	132.353	9.8838	
582	49.1283	50.78	494.537	1.60665	90.8733	54.7287	91.8258	6.16588	134.097	75.9033	132.36	9.89207	
583	49.2196	50.8754	496.687	1.60627	91.4734	54.8525	91.8083	6.1667	134.087	75.89	132.385	9.89664	
584	48.6479	50.3554	499.873	1.60999	90.4288	54.8504	90.8208	6.20163	133.277	75.9025	132.703	9.90458	
585	49.5125	51.3162	502.567	1.60625	90.4284	55.0712	90.8879	6.17376	133.082	76.0875	131.86	9.9033	
586	49.4601	51.1241	503.169	1.61042	90.392	55.0725	91.1413	6.17335	133.096	76.1479	132.112	9.90837	
587	50.2258	51.1433	505.02	1.62001	91.1542	55.1954	90.9054	6.19249	133.518	76.0763	132.39	9.91963	
588	49.705	51.2462	507.61	1.61376	90.5642	55.2962	91.5709	6.18211	133.223	76.1288	133.122	9.92045	
589	49.6691	51.6734	505.868	1.61915	91.8083	55.0271	92.1192	6.18333	135.045	76.1492	133.47	9.92411	
590	49.7571	51.5121	507.115	1.62376	91.6213	55.0312	92.1001	6.18418	134.66	76.3337	133.436	9.92374	
591	50.017	51.5346	510.117	1.64375	91.7925	56.0096	92.3729	6.1975	134.209	76.0992	132.783	9.93669	
592	49.9879	51.6179	509.413	1.63293	91.6684	55.2071	92.2363	6.18834	134.422	76.1392	133.661	9.96084	
593	50.2808	52.1962	513.7	1.62295	92.42	55.4042	92.3667	6.20334	134.332	76.4254	133.481	9.94332	
594	50.05	52.0779	513.406	1.63085	92.528	55.273	92.4438	6.19375	134.612	76.7225	133.349	9.94706	
595	50.3288	52.3409	516.237	1.63835	92.1308	55.8954	92.3792	6.20205	134.525	76.3929	133.568	9.9542	
596	50.4271	51.9483	518.62	1.63457	92.3246	55.425	93.02	6.20423	134.765	76.545	133.497	9.94708	
597	50.3937	52.2188	519.689	1.64338	92.4038	55.9733	93.2397	6.20663	134.728	76.6892	133.615	9.9675	
598	50.543	52.1792	520.92	1.64	92.2562	56.1142	92.7913	6.21663	135.286	76.6867	133.713	9.96579	
599	50.5975	52.3675	523.809	1.64502	92.5217	56.1734	92.9967	6.20709	135.878	76.5058	133.79	9.99503	
600	50.6175	52.4646	524.031	1.64874	92.5208	56.3196	93.0383	6.21	135.135	77.1892	133.874	9.9675	
601	50.4958	52.0821	527.175	1.65161	92.5125	56.8388	93.9116	6.21921	135.533	77.0308	135.782	9.99957	
602	50.7958	53.0337	529.019	1.65458	93.365	56.5091	93.6688	6.21257	136.04	76.9888	135.983	9.98827	
603	51.3438	52.6434	531.374	1.65424	93.3634	56.5517	93.9979	6.21786	135.74	77.2642	135.1	9.99001	
604	51.4596	52.8029	535.84	1.65406	94.5275	56.9412	93.9208	6.46122	137.034	77.3183	134.806	9.99832	
605	51.4413	53.5409	596.119	2.97085	458.858	119.869	110.399	7.36418	157.75	89.8917	135.652	10.5087	
606	50.6308	53.3867	536.948	1.67174	95.15	59.7613	95.1546	6.37628	138.585	78.0084	136.703	10.0633	
607	51.6592	53.41	549.288	1.67331	95.0296	57.1263	94.1529	6.41123	136.685	78.0679	135.324	10.0141	
608	52.1496	52.8783	541.651	1.67791	94.1979	56.8171	94.1379	6.40039	136.657	77.4725	135.388	10.0687	
609	51.0979	53.2763	548.315	1.67461	94.1904	56.5558	95.6966	6.25253	137.327	77.3704	136.405	10.0534	
610	52.685	53.9312	549.918	1.68376	93.5	56.8713	94.7933	6.24291	138.551	78.1104	136.81	10.3108	
611	51.7962	54.4449	551.854	1.67834	92.9367	58.2871	94.33	6.25037	136.702	78.475	136.656	10.2692	
612	52.7179	53.997	550.329	1.69959	93.9546	57.2892	96.0059	6.2704	138.357	78.0596	136.001	10.0333	
613	52.1821	54.2592	555.564	1.69335	94.9317	57.2716	95.3208	6.42709	138.237	78.62	137.102	10.0451	
614	51.5912	54.8929	555.429	1.68876	94.3712	57.9287	95.1904	6.25211	136.767	79.1771	135.563	10.1704	
615	52.0471	54.1696	558.466	1.70291	93.8171	58.3921	94.4192	6.26542	137.521	78.9742	135.836	11.0025	
616	52.3092	53.9808	559.847	1.6933	93.9717	58.0783	95.1317	6.26789	466.307	159.884	139.921	10.5238	
617	52.4058	56.1104	596.254	1.72248	94.8137	58.8571	95.6038	6.25964	137.485	80.1241	137.472	10.1071	
618	51.5829	54.4	562.52	1.69582	93.4896	58.5459	94.9233	6.34209	138.405	79.1142	136.569	10.0654	
619	53.4987	55.2116	564.825	1.70709	94.0437	58.6392	95.8417	6.26544	138.028	79.26	136.984	10.1316	
620	52.925	54.3063	564.035	1.70748	94.0879	59.5563	94.7217	6.28955	138.949	77.66	137.677	10.077	
621	52.6217	54.635	570.292	1.71002	95.8004	58.5858	98.0637	6.27623	138.92	78.3054	136.405	10.1292	
622	53.8279	54.3671	567.014	1.70792	93.4729	58.4808	94.4108	6.28706	136.538	77.835	135.805	10.9287	
623	52.8716	55.2587	566.01	1.71334	95.3063	58.105	95.1609	6.27126	137.862	77.9408	136.338	10.0834	
624	53.2746	54.3934	567.947	1.71037	95.4908	58.59	95.5121	6.28332	138.114	78.0342	136.375	10.1784	
625	52.9338	54.7762	576.354	1.71461	96.2175	59.77	95.6142	6.36784	138.675	79.4041	136.785	10.2375	
626	53.0183	55.7533	574.695	1.71877	94.9525	59.0975	95.7729	6.2796	137.749	78.3129	137.568	10.185	
627	53.7621	55.7875	574.304	1.72666	95.6734	57.8941	95.2708	6.33625	137.354	77.9388	136.729	10.0984	
628	52.9838	54.9183	575.993	1.71876	94.8996	59.3029	95.8858	6.4229	138.41	78.8629	138.795	10.1087	
629	53.9146	55.0455	579.403	1.74368	95.2679	59.2059	96.7666	6.30028	137.205	79.7263	137.901	10.11	
630	53.2662	55.2121	579.251	1.73039	96.1283	58.6125	96.0254	6.74127	138.306	79.6721	137.908	10.1967	
631	53.7237	55.5967	587.194	1.73125	96.6371	58.8808	96.9533	6.50376	139.489	79.8175	138.7	10.1208	
632	53.7167	55.6184	585.832	1.75209	96.3554	59.6392	96.5312	7.03131	139.135	79.457	138.361	10.172	
633	54.0254	55.3988	590.348	1.73747	95.9608	58.8379	96.7738	6.74249	138.843	79.325	138.982	10.1258	
634	54.6638	55.7629	589.789	1.74957	96.265	58.7813	97.1733	6.42456	137.728	79.2646	137.776	10.128	
635	54.6792	56.1713	588.131	1.74832	96.1846	59.7967	96.7621	6.30083	138.827	80.2228	138.836	10.1521	
636	61.0654	66.0829	1083.35	1.75125	94.4392	59.8675	96.4721	6.39041	138.17	78.3295	137.112	10.1945	
637	53.7438	55.5346	600.056	1.75003	96.0313	59.3458	97.1417	6.31912	139.492	81.5496	140.6	10.2	
638	55.1421	56.9583	597.47	1.75752	97.1121	61.1488	97.8196	6.59416	139.723	83.2062	143.004	10.7325	
639	55.9421	55.4391	606.555	1.7579	97.1712	59.1484	97.5512	6.32291	140.074	79.7358	137.661	10.4458	
640	54.6059	56.0366	600.903	1.7575	97.44	59.9959	97.9583	6.64335	139.91	79.7912	138.205	10.6862	
641	53.9874	55.9358	602.053	1.75125	96.7399	60.7262	97.6508	6.33125	140.208	80.1229	138.522	10.1761	
642	54.5583	55.9421	602.427	1.75543	96.6209	59.755	96.9	6.63877	138.691	79.5496	139.311	10.185	
643	54.5738	56.9625	604.241	1.75585	95.9963	59.8717	97.4496	6.32206	138.919	78.9417	137.972	10.2559	
644	53.9395	56.5517	603.87	1.76002	97.0429	60.2242	96.3788	6.81374	137.83	79.1054	138.408	10.1787	
645	55.3271	56.3875	609.863	1.76419	96.9579	60.9754	97.3663	6.33039	140.473	82.3229	139.773	10.2175	
646	55.5916	57.2146	611.099	1.76455	97.003	60.4633	97.5775	6.33001	139.793	78.7521	138.607	10.4188	
647	55.2446	56.677	608.783	1.77174	96.9275	60.5904	97.6546	6.34539	140.551	79.9813	139.142	10.1912	
648	55.1854	56.7859	609.429	1.77036	97.3866	60.343	97.6129	6.33794	138.895	79.0242	138.658	10.1975	
649	54.6592	56.6467	608.682	1.7725	97.5395	60.3487	98.4179	6.34627	139.432	79.9292	138.855	10.1988	
650	55.3625	57.1125	615.515	1.78111	97.7762	60.8771	97.8417	6.34538	141.499	80.0521	139.883	10.2121	
651	56.2484	56.8062	619.399	1.78287	95.76	60.4604	96.473	6.34164	140.535	79.2987	137.752	10.7733	
652	55.0041	57.4762	621.041	1.78803	97.2896	60.7088	98.3521	6.44539	141.295	80.6204	138.803	10.2121	
653	56.2354	57.7271	620.607	1.79013	99.3254	60.0801	99.3062	6.35119	140.385	80.0125	139.157	10.2162	
654	55.037	58.465	622.478	1.78709	96.0658	61.7012	97.0258	6.34796	139.789	79.2004	141.297	10.2295	
655	55.6962	57.2075	627.467	2.41956	101.294	71.0075	105.525	6.41126	172.643	177.104	442.618	10.8995	
656	55.7829	60.7095	681.511	1.80033	97.6275	61.1675	98.9717	6.36583	139.82	80.9084	145.049	10.2296	
657	55.7804	57.9567	627.232	1.79997	98.5617	61.8358	98.3133	6.36081	141.925	81.2554	140.012	10.7058	
658	57.2688	59.8287	637.931	1.80167	97.5017	62.3546	98.8629	6.37626	140.262	80.0683	140.815	10.3167	
659	56.1438	58.4067	633.334	1.80292	98.6471	61.887	99.3025	6.36917	142	80.5738	140.554	10.475	
660	56.4463	58.3346	630.319	1.89583	98.1287	61.3438	98.8258	6.46666	140.372	79.9804	139.579	10.2733	
661	55.8796	57.7596	636.232	1.8079	98.735	60.98	99.1804	6.71999	139.907	79.6709	140.348	10.2629	
662	56.295	57.5017	639.357	1.80498	98.0738	61.9046	99.4192	6.61832	141.05	80.9413	140.452	10.8071	
663	55.6296	58.5325	646.025	1.82333	98.8196	61.682	100.195	6.38165	141.858	80.7329	140.935	10.3687	
664	56.3679	58.5925	642.404	1.81249	97.8342	61.1079	98.5754	6.37668	140.755	80.1854	139.735	10.2975	
665	55.3171	57.58	643.93	1.80997	97.4721	62.1434	98.2671	6.37835	140.71	79.7984	138.985	10.2829	
666	55.3379	57.6375	641.499	1.81164	98.8317	62.6417	99.3216	6.38876	140.545	81.0258	141.623	10.2867	
667	57.2121	59.1658	650.067	1.82789	99.7633	62.0813	100.05	6.43377	142.161	80.653	141.43	10.313	
668	56.8633	59.2995	651.175	1.83288	99.5574	62.1462	99.75	6.64125	142.866	80.9112	141.552	10.8442	
669	56.8975	58.8117	651.502	1.82501	98.795	61.8112	99.9346	6.38375	141.83	80.2042	140.706	10.2904	
670	56.4754	57.9971	657.46	1.82955	99.1892	62.0383	100.284	6.67626	142.661	81.1708	141.952	10.3075	
671	57.1629	59.3601	655.355	2.04753	99.9287	61.6525	100.944	6.42167	142.295	81.0433	141.265	10.3001	
672	57.1309	58.9979	656.387	1.83917	99.9916	62.4129	100.795	6.40882	158.687	95.6296	185.318	10.3801	
673	94.5454	70.6904	1063.4	1.84457	99.2117	62.0238	99.8208	6.41165	141.787	82.3688	149.608	18.5842	
674	65.962	59.8383	660.257	1.84504	99.6967	66.6446	100.21	6.60913	142.393	80.6425	143.285	10.3275	
675	57.4767	60.1758	671.352	1.84456	100.173	62.3525	100.737	6.4138	145.833	80.9088	140.728	10.3409	
676	56.5392	58.8075	665.2	1.85546	99.89	62.7871	100.546	6.62544	141.315	81.0175	142.56	10.3237	
677	56.7087	59.1358	666.227	1.86755	99.5758	63.4621	99.9013	6.68002	142.17	81.8254	141.85	10.3371	
678	58.0716	59.9059	665.269	1.84706	99.1833	62.7641	101.227	6.70957	142.492	80.8675	141.69	10.335	
679	57.2816	58.9509	673.98	1.86119	99.8488	63.6679	99.7471	6.79255	142.163	81.1037	141.843	10.4771	
680	57.6579	60.2583	672.27	1.85538	99.8096	63.2133	100.641	6.44626	144.077	80.8342	141.653	10.3591	
681	57.9537	59.3413	669.433	1.84708	99.8996	63.4259	100.853	6.42125	142.72	81.3929	142.002	10.3459	
682	58.4858	59.5333	671.549	1.85877	99.795	63.2667	100.701	6.42047	142.643	80.8358	141.461	10.3829	
683	57.5163	60.4296	672.402	1.86248	99.7942	63.6533	100.485	6.71499	141.495	80.997	141.076	10.4958	
684	58.3971	59.435	680.362	1.86249	99.4446	64.4875	100.914	6.75879	142.694	81.1617	141.474	10.3637	
685	58.8346	60.1833	679.439	1.86084	101.269	63.1942	100.805	6.43085	141.958	81.0838	142.126	10.3587	
686	58.5487	60.0433	681.429	1.86538	99.9304	64.598	101.336	6.47381	142.703	82.5321	143.07	10.835	
687	58.1296	59.775	700.86	1.88457	103.67	104.551	102.157	6.45087	456.996	150.657	142.955	10.5758	
688	58.0517	63.6675	686.494	1.89959	98.8812	63.8229	104.92	6.44541	147.373	81.7146	142.427	10.3875	
689	58.4529	61.06	692.239	1.88295	100.297	65.5408	101.751	7.29703	144.127	83.9737	144.44	10.3858	
690	59.0291	61.3391	691.056	1.87749	99.8879	64.3596	101.971	6.44748	144.734	82.8137	142.492	10.3991	
691	59.1009	61.1588	694.886	2.05582	100.844	63.1454	101.434	6.45085	142.953	81.5542	141.804	10.5146	
692	58.5137	61.227	691.132	1.89329	101.266	63.7771	101.609	6.44958	143.099	81.3333	142.484	10.4038	
693	58.095	60.3271	693.258	1.88499	100.528	64.3338	101.98	6.59424	142.891	82.0696	142.685	10.4021	
694	58.1354	60.7154	696.045	1.89166	100.807	64.5542	101.278	6.46088	144.556	82.6063	143.444	10.4367	
695	59.3504	59.81	701.403	1.90829	100.462	65.0371	101.349	6.83041	143.597	81.4892	141.959	10.6929	
696	58.8575	60.5754	698.516	1.90122	101.067	64.8604	103.241	6.5071	144.507	81.8784	143.583	10.4145	
697	59.4566	61.5333	705.302	2.40244	101.851	63.8221	103.033	6.45919	144.395	81.6704	143.523	10.9329	
698	59.2966	60.8492	703.743	1.89958	99.7459	64.4462	100.748	6.46666	142.067	81.9371	141.875	10.8146	
699	57.9546	60.5071	710.589	2.19328	102.325	64.7429	103.608	6.47007	144.543	82.363	144.697	10.44	
700	60.0146	61.6496	711.656	2.05255	101.41	65.045	102.611	6.84008	144.392	82.6891	143.638	10.9666	
701	59.8116	62.0534	716.556	1.91171	101.518	64.7954	103.04	6.47666	145.351	82.0629	143.545	10.8005	
702	59.4721	60.7213	715.86	1.91004	101.18	65.537	102.106	6.49378	145.18	82.6971	152.173	12.0859	
703	71.4237	74.2717	1149.31	1.92245	100.578	64.7192	101.827	6.48332	143.688	81.98	142.697	10.4475	
704	64.86	66.7967	725.123	1.93215	102.541	65.875	104.834	6.62707	144.354	82.9137	144.416	10.5046	
705	60.0263	61.9275	723.155	1.92038	101.41	64.5854	104.736	6.80797	147.103	82.1808	145.866	10.4634	
706	60.0183	61.9833	719.063	1.925	100.777	65.1071	103.486	6.48834	143.887	82.0425	142.568	10.4808	
707	58.6046	61.5917	720.463	1.92584	101.701	65.4779	103.319	6.48247	144.728	81.9717	143.497	10.5529	
708	59.8428	62.1259	722.125	1.92251	101.707	65.3242	102.554	6.48331	143.945	82.4029	143.333	10.4671	
709	59.625	61.4225	727.885	1.93709	101.705	64.4675	103.458	6.54376	145.308	82.0642	143.849	10.4788	
710	60.0863	61.0996	725.119	2.23121	101.378	65.5325	102.654	6.49172	143.743	82.2325	143.117	10.48	
711	59.6046	61.9363	729.054	1.93415	101.049	64.3963	103.191	6.49749	144.129	83.1446	144.087	10.4841	
712	59.8225	62.0854	726.021	1.93546	102.196	65.0034	102.871	6.50581	145.339	82.0892	143.206	10.49	
713	60.0317	62.315	728.753	1.93374	102.093	65.7933	103.735	6.50043	144.026	82.2783	143.787	10.6158	
714	60.1358	62.3108	729.846	1.93834	102.095	65.6108	103.334	6.50414	143.935	82.3187	143.767	10.4992	
715	60.3175	62.2296	731.444	1.94252	102.531	65.975	103.687	6.50045	144.665	82.2454	144.201	10.5079	
716	61.2633	62.3096	734.073	1.94749	101.673	66.6504	102.793	6.51044	144.311	82.2129	142.776	10.5113	
717	59.445	61.6033	738.471	1.97625	101.177	66.5346	102.81	6.50707	143.875	82.3546	143.388	10.505	
718	59.5946	61.5875	740.507	1.95376	101.321	65.9634	102.446	6.51796	143.975	82.3604	142.673	10.5192	
719	59.678	61.9571	741.365	1.94917	102.562	66.4267	102.609	6.51249	143.741	82.2467	142.865	10.525	
720	60.8058	63.1717	743.754	1.9529	102.196	66.1725	103.036	6.51505	143.591	82.3446	143.525	10.5217	
721	60.8591	62.8258	745.071	1.97122	101.767	66.1883	103.059	6.53368	143.621	82.3621	142.855	10.5262	
722	61.0967	62.9579	749.347	1.95914	102.283	65.5117	103.521	6.52587	144.715	83.6367	143.866	10.5379	
723	61.1379	63.1438	747.028	1.95668	101.891	66.4121	103.002	6.52508	143.764	83.1104	143.029	10.5391	
724	60.9342	63.0671	750.41	2.0546	102.059	66.4024	103.795	6.5259	144.027	82.5904	143.28	10.5392	
725	61.0492	63.1067	753.841	1.96206	102.769	65.585	103.71	6.87667	144.693	82.5925	144.312	10.5513	
726	61.4913	64.1005	752.868	1.9679	104.102	66.6675	104.26	6.53374	145.797	83.1767	145.071	10.55	
727	61.4633	63.4521	754.159	1.96872	103.228	66.5746	104.288	6.54717	145.353	82.6137	144.463	10.5559	
728	61.4575	63.6571	757.091	1.96959	103.368	66.9737	105.026	6.5382	145.476	83.7079	145.895	10.5567	
729	61.4617	64.2787	758.589	1.97832	103.579	66.9508	104.504	6.54456	146.291	82.823	144.689	10.5671	
730	61.7321	63.9371	764.788	1.97709	102.82	67.0604	103.571	6.54295	144.345	82.8896	143.761	10.5688	
731	61.1437	63.0804	765.63	1.97794	102.532	67.0646	103.722	6.54036	144.905	83.6867	144.027	10.5991	
732	61.3988	64.0842	770.12	1.98332	103.603	66.5704	105.208	6.67882	145.917	83.0021	145.046	10.5892	
733	61.6683	63.8637	769.33	1.98666	104.643	66.6529	105.564	6.55285	146.345	83.2263	146.142	10.5846	
734	61.72	63.9779	767.929	1.98043	103.896	67.5829	105.157	6.55334	146.228	83.3842	145.749	10.5946	
735	62.0159	64.1491	772.452	1.99378	105.36	67.3933	105.234	6.55999	145.966	83.0896	145.192	10.5958	
736	62.5071	64.0716	775.923	1.9896	102.985	67.4154	104.095	6.55584	145.445	83.16	144.236	10.5971	
737	61.1233	63.2121	776.599	1.99746	102.924	68.0746	104.201	6.55582	145.097	83.3425	144.342	10.7325	
738	61.1892	63.8292	780.413	1.99792	104.497	66.7617	104.839	6.6454	146.365	83.2671	144.574	10.6129	
739	61.2729	63.4388	779.398	2.00458	103.364	67.6458	104.899	6.56503	145.449	83.3129	144.905	10.6092	
740	61.388	63.6188	782.143	2.03667	103.257	67.7938	104.573	6.56543	145.338	83.4283	144.985	10.6091	
741	61.5716	63.5875	786.607	2.00833	105.632	67.9692	105.833	6.56711	146.513	83.4891	146.301	10.6221	
742	62.5258	64.6458	785.173	2.00787	104.013	68.0312	104.574	6.57457	145.888	83.6017	145.378	10.6233	
743	62.6041	64.6458	790.123	2.01547	103.26	68.2037	106.755	6.57542	146.066	83.3908	144.822	10.6279	
744	63.1155	65.0383	791.637	2.01208	105.033	67.1237	106.108	6.57583	146.651	83.7421	146.016	10.6396	
745	64.1375	64.8829	790.647	2.0158	103.869	68.3229	105.578	6.73581	146.091	83.7654	145.473	10.6442	
746	62.7738	64.9808	796.107	2.02291	103.622	68.7629	105.687	6.70497	145.872	83.7075	145.25	10.7662	
747	62.8425	65.5183	797.727	2.01999	103.733	68.345	105.369	6.59254	146.553	84.5109	146.207	10.6612	
748	62.9516	65.2825	801.481	2.01996	103.848	68.8067	105.732	6.58914	145.766	83.8829	145.065	10.6492	
749	62.2759	64.6038	799.935	2.02212	104.91	67.3209	106.659	6.58794	147.109	84.2137	147.038	10.6688	
750	63.1808	65.1979	802.176	2.03125	105.194	67.7805	106.889	6.5954	147.94	83.9163	146.555	10.72	
751	62.26	64.7796	804.543	2.03592	104.247	68.5737	105.976	6.5942	146.221	83.8308	145.895	10.67	
752	63.3071	65.8842	807.761	2.02994	103.999	68.9163	106.122	6.59918	146.225	84.0825	145.828	10.6684	
753	63.4092	65.5404	810.229	2.0626	104.28	69.2504	105.752	6.60171	146.209	83.9863	147.272	10.9096	
754	63.8583	65.7258	812.769	2.04256	105.532	67.5629	107.295	6.61125	147.275	83.9708	147.013	10.6754	
755	63.4988	65.7454	810.859	2.04457	105.523	67.72	107.062	6.60919	147.381	84.1454	147.016	10.6775	
756	63.7429	66.2804	813.19	2.04458	105.674	67.9596	107.725	6.60996	147.53	84.1584	147.943	11.65	
757	63.8704	66.7205	819.798	2.05043	105.904	69.3663	107.441	6.60584	147.675	84.5412	146.826	10.695	
758	63.7991	66.1192	817.789	2.06043	106.233	69.7292	107.33	6.61086	147.569	84.1	146.71	10.7196	
759	63.8683	66.0634	819.517	2.05665	105.974	69.33	107.592	6.62252	147.744	84.6262	147.404	10.6984	
760	64.4221	65.8054	823.516	2.05958	106.283	68.2913	107.645	6.61956	147.977	84.2116	147.294	10.7041	
761	64.7096	66.8941	823.163	2.06708	106.27	69.1187	107.571	6.61955	147.95	84.8983	147.23	10.7554	
762	64.5192	66.3967	826.374	2.06918	106.84	68.3633	107.59	6.61833	148.059	84.4833	147.386	10.78	
763	65.5946	66.3054	829.721	2.07125	106.726	70.0342	107.981	6.62412	148.421	84.2675	147.82	10.7296	
764	64.4587	66.5284	831.206	2.2196	107.14	69.6029	108.222	6.78751	149.033	84.8371	147.489	10.7308	
765	65.313	66.6175	831.715	2.0646	106.416	68.8542	107.95	6.62834	148.678	84.9054	147.68	10.7217	
766	65.0625	67.0675	836.066	2.07334	106.689	68.9463	108.133	6.64088	148.386	84.6034	147.98	10.735	
767	64.6425	67.2596	836.215	2.075	106.694	70.0112	108.46	6.6717	148.283	84.9171	147.863	10.7345	
768	64.6608	66.8784	838.992	2.08002	106.573	70.0958	108.092	6.63962	148.591	84.8104	148.344	10.8529	
769	66.3016	67.0046	844.301	2.08626	107.047	68.9071	108.65	6.63876	148.553	84.6629	148.074	10.7483	
770	64.9258	66.995	843.078	2.08127	106.852	69.3154	108.317	6.6429	148.537	85.3888	148.08	10.8933	
771	64.7933	67.095	844.473	2.08749	107.315	69.0454	108.41	6.79547	148.843	85.3033	148.247	10.763	
772	66.2183	66.8992	847.443	2.09292	105.913	70.6129	107.277	6.65414	148.39	84.9983	147.086	10.8375	
773	64.1058	66.9625	850.059	2.08625	106.406	70.4763	107.884	6.64832	148.29	84.8775	147.717	10.7672	
774	64.2846	66.47	851.946	2.08877	105.89	71.1108	108.76	6.67835	148.99	84.9171	148.944	10.7708	
775	65.6409	68.3992	854.737	2.09252	106.198	70.7025	107.517	6.65537	147.968	85.4617	147.752	10.7792	
776	65.4125	67.5067	857.272	2.10128	106.099	71.2258	108.112	6.66164	147.948	84.9338	147.497	10.7788	
777	65.2708	67.6029	859.711	2.09461	106.242	71.0809	107.685	6.66418	148.321	85.8054	148.463	10.7837	
778	66.2475	68.1846	862.983	2.10502	108.114	69.6275	108.992	6.66291	149.22	85.1908	148.588	10.7908	
779	66.4367	67.7708	861.309	2.10078	107.268	69.6717	109.173	6.66751	149.861	85.2421	148.407	10.7959	
780	66.0375	67.8953	864.184	2.10664	107.768	69.6838	109.124	6.66541	149.806	85.4621	149.416	10.8062	
781	66.4012	68.0583	865.58	2.11499	106.552	71.7054	108.214	6.67424	148.587	85.3196	147.706	10.8033	
782	65.7354	68.8696	869.692	2.11834	106.543	71.7958	108.177	6.67252	149.018	85.1858	148.182	10.8021	
783	65.8313	68.0913	871.258	2.11707	107.005	71.2541	108.941	6.79162	150.43	85.9412	149.816	10.9496	
784	66.3446	68.4046	872.224	2.11378	107.91	70.0512	109.886	6.68294	150.077	85.4329	149.494	10.8158	
785	66.0671	68.3354	873.242	2.25337	108.092	70.0354	109.632	6.67756	150.187	85.8987	149.119	10.8158	
786	66.0325	68.4491	875.925	2.13499	108.776	70.3879	110.426	6.72677	149.809	85.5025	149.153	10.8321	
787	66.2483	70.0291	880.691	2.13168	106.961	71.6387	108.793	6.68416	149.393	85.7463	148.422	10.8254	
788	66.2621	69.405	882.262	2.12126	107.191	71.9475	108.588	6.71547	148.961	85.6833	148.865	10.8287	
789	66.3813	68.887	884.501	2.13251	109.005	72.4813	110.877	6.69372	150.237	85.7421	150.548	10.8525	
790	65.5775	67.9258	884.116	2.12789	107.105	71.9116	109.382	6.70082	149.646	86.1742	148.693	10.8405	
791	65.5616	67.8758	888.882	2.12877	107.971	72.0417	109.226	6.69709	149.415	85.5533	148.283	10.8467	
792	65.5621	67.8525	887.766	2.13663	107.186	71.9621	108.762	6.7079	148.935	85.76	148.299	10.9183	
793	66.6179	69.0033	895.189	2.13998	107.661	72.6625	109.244	6.71293	150.319	86.4721	149.822	10.8846	
794	67.0633	69.4071	895.995	2.13875	108.198	72.3629	109.608	6.70878	149.44	85.9159	149.06	10.9196	
795	66.8417	69.26	899.103	2.14127	109.379	72.9433	112.11	6.71166	150.496	85.8955	150.267	10.8712	
796	67.1287	69.2112	897.898	2.14415	109.23	71.5042	110.897	6.71706	151.619	86.0879	150.212	10.865	
797	67.0758	69.4054	899.405	2.14545	109.511	71.8291	110.86	6.71168	150.898	85.9999	151.314	10.8858	
798	67.4704	69.3829	902.724	2.14799	107.934	73.0433	110.352	6.71086	150.608	86.0912	149.58	10.8783	
799	67.2045	69.8513	906.39	2.15036	108.348	72.6771	109.606	6.7292	150.439	86.1363	149.938	10.885	
800	67.2546	69.532	908.573	2.15428	108.205	72.7654	109.925	6.85337	150.033	86.3258	150.101	11.0283	
801	67.4463	71.0262	912.398	2.1612	110.04	73.3854	111.285	6.73206	151.132	86.2975	150.635	10.8954	
802	67.5845	70.3821	909.391	2.1654	109.436	73	111.573	6.73545	151.578	86.2575	150.796	10.8962	
803	67.6588	70.1171	912.345	2.16327	109.635	72.9713	111.348	7.02412	152.274	87.2721	151.763	10.9099	
804	68.0983	70.29	918.829	2.16499	110.454	73.0512	111.59	6.74375	151.868	86.4679	150.971	10.9157	
805	68.2317	70.5425	916.117	2.16952	110.24	73.2763	112.141	6.72749	151.367	86.5446	150.933	10.9204	
806	67.885	70.1762	918.04	2.17459	110.009	72.1213	111.599	6.87672	152.821	86.6667	150.736	10.9246	
807	67.9163	71.2942	921.462	2.17124	108.805	73.4867	110.38	6.73791	150.717	87.0466	150.865	10.9304	
808	68	70.4062	924.208	2.23126	108.713	74.2325	110.552	6.8121	150.838	86.6762	150.077	10.9821	
809	68.4392	70.8083	929.029	2.19922	110.312	73.0817	111.51	6.7504	151.372	88.0763	150.189	10.9317	
810	67.0725	69.8908	928.205	2.18374	108.921	74.1133	110.668	6.75588	151.445	86.8013	150.614	11.0025	
811	67.6117	69.5992	960.714	2.18708	109.418	73.58	110.68	6.75502	151.148	86.8787	150.62	10.9467	
812	68.2013	70.7887	936.993	2.1967	110.439	72.7233	113.941	6.75496	151.892	86.6838	151.812	10.9459	
813	68.3267	71.0754	934.46	2.19332	110.419	72.7837	112.328	6.75454	152.791	86.8092	151.473	10.9554	
814	68.4842	70.8038	937.051	2.18877	110.675	74.1005	112.269	6.75167	151.962	87.2821	151.533	10.9496	
815	68.5546	70.2796	940.279	2.20205	110.64	74.2125	112.713	6.76417	152.244	87.0291	151.598	11.1779	
816	69.1688	70.975	943.534	2.32458	109.423	73.955	111.698	6.83499	151.018	87.4087	150.637	11.0933	
817	67.6587	70.1226	944.415	2.20375	111.389	72.7117	112.237	7.25248	153.387	87.595	151.73	11.1654	
818	67.8708	71.7846	948.946	2.20541	110.672	74.2725	112.576	6.77544	152.441	86.9929	152.514	10.9712	
819	69.1071	71.5888	946.943	2.19921	111.289	74.2308	112.733	6.7717	153.015	87.0308	152.203	10.9717	
820	69.5674	71.4	950.171	2.24291	111.821	72.7291	113.519	7.17296	152.257	87.3463	153.099	10.9779	
821	68.1146	70.4445	952.884	2.20955	109.924	74.4904	112.11	6.77167	152.197	87.3741	151.674	10.9858	
822	68.5041	70.7571	956.539	2.22042	110.745	75.0488	112.181	6.82879	151.891	87.91	151.393	11.1329	
823	68.1792	71.1746	960.444	2.22131	111.195	74.04	112.969	6.78287	153.027	87.4438	153.076	11.0008	
824	69.32	71.6612	959.39	2.21795	111.71	73.2542	113.539	6.7892	153.152	87.4808	152.501	11.005	
825	70.072	71.8533	960.355	2.21917	111.843	74.5709	113.908	6.7899	153.15	87.36	152.347	11.1371	
826	69.4312	73.0726	965.689	2.22578	111.58	75.0909	113.379	6.78587	154.003	87.3954	152.676	11.0192	
827	69.7171	71.8758	965.843	2.22044	111.855	75.6004	113.676	6.7958	153.55	88.0133	152.702	11.0075	
828	69.7329	72.0371	967.26	2.22372	111.737	73.8737	115.137	6.79453	153.775	87.7058	155.037	11.0213	
829	69.7183	72.1616	972.995	2.2321	111.115	75.3362	112.447	6.79635	152.234	87.5475	151.789	11.0204	
830	69.8729	72.565	974.9	2.23166	110.584	76.4792	112.58	6.79261	152.328	87.6383	151.707	11.0258	
831	69.9117	72.6641	977.838	2.23626	110.651	74.813	113.185	6.80836	154.01	87.6458	151.735	11.0307	
832	69.0867	71.3812	978.453	2.2396	111.067	75.5354	112.86	6.79835	153.03	87.717	152.032	11.05	
833	69.05	71.5925	981.616	2.24207	110.677	75.42	112.821	6.80123	152.773	87.8696	152.451	11.0425	
834	69.2738	71.7075	986.471	2.50083	112.182	74.16	113.967	6.80624	153.78	87.9025	153.822	11.047	
835	70.36	72.6292	982.971	2.23877	112.778	73.9975	114.14	6.81084	154.047	87.8987	153.473	11.0479	
836	70.8008	72.7854	985.093	2.24791	112.446	74.5342	114.226	6.81375	153.87	87.87	160.05	11.0567	
837	69.4166	72.4683	991.83	2.24833	112.521	76.3575	114.887	6.81747	154.035	89.7037	153.122	11.0621	
838	69.8513	72.0762	991.61	2.25795	111.399	75.8213	113.544	6.81622	153.933	87.8763	152.65	11.0725	
839	69.4858	72.14	994.178	2.25792	113.396	76.6333	115.092	6.82587	154.255	88.3237	154.69	11.0762	
840	70.6525	73.1867	994.708	2.25667	111.322	75.9737	113.2	6.81998	153.063	88.5208	153.536	11.0692	
841	70.7592	73.1812	998.721	2.25796	111.93	76.0796	113.423	6.82832	153.383	88.1879	153.831	11.0833	
842	71.0383	73.1575	1003.92	2.25914	112.23	76.4183	113.5	6.83257	153.236	88.3354	152.812	11.1004	
843	72.0721	73.4025	1003.76	2.26674	111.664	76.9176	113.578	6.82914	153.425	88.2396	152.957	11.0992	
844	70.9259	74.2225	1005.14	2.2671	111.935	76.4708	114.101	6.82667	155.363	88.4791	153.533	11.0892	
845	71.2991	73.8804	1009.46	2.27034	113.537	74.9571	115.568	6.835	154.605	88.2896	154.297	11.1021	
846	71.2063	73.5567	1008.8	2.27296	113.283	74.9075	115.665	6.83543	155.278	88.2929	154.142	11.1012	
847	71.1775	73.6621	1012.05	2.27959	113.383	75.8817	114.456	6.84247	155.186	88.3875	152.977	11.1162	
848	70.2917	72.7812	1013.22	2.27627	112.53	76.6737	114.051	6.84132	154.698	89.1263	153.278	11.1058	
849	70.4391	72.8129	1017.41	2.28542	112.666	77.5371	115.003	6.84707	154.298	88.8563	154.133	11.1125	
850	70.4784	72.8529	1023.48	2.28834	112.383	76.9162	114.219	6.84747	154.019	88.5246	153.878	11.1242	
851	71.6829	74.2625	1021.48	2.28262	112.688	76.9892	114.643	6.86296	154.077	88.6371	154.319	11.1138	
852	71.6395	74.2013	1023.87	2.30299	112.675	77.6542	115.413	6.84753	155.044	88.5904	153.667	11.1266	
853	72.2946	75.5883	1026.75	2.41335	112.35	77.5525	114.625	6.85456	154.238	88.9425	153.624	11.1299	
854	72.3479	74.3521	1027.84	2.29162	113.27	77.8488	114.702	6.85086	154.333	88.8213	153.8	11.1442	
855	71.7383	74.6804	1032.29	2.297	112.893	78.8188	114.999	6.90004	154.356	88.7246	153.866	11.1433	
856	71.9433	74.69	1034.01	2.30416	112.868	77.7325	115.833	6.85793	154.388	88.7983	154.102	11.1441	
857	72.0704	74.8041	1036.2	2.29586	112.896	77.4408	115.231	6.85875	154.598	88.9558	154.549	11.1471	
858	72.9983	74.6083	1038.85	2.30127	112.908	77.5579	114.836	6.87921	154.446	88.7897	156.87	11.1739	
859	72.5217	75.2016	1041.41	2.30329	113.374	77.6454	115.051	6.87666	155.008	89.5542	154.126	11.168	
860	71.2337	73.9538	1040.39	2.31249	114.438	76.3084	116.572	6.87331	155.293	90.575	154.21	11.1675	
861	71.6562	73.842	1043.65	2.3158	113.093	77.6441	115.313	6.87334	154.491	89.4992	154.873	11.1616	
862	71.4862	73.92	1046.51	2.3146	113.21	77.9621	115.247	6.87582	154.83	89.5896	155.025	11.1737	
863	71.7367	74.3921	1052.72	2.31875	114.496	76.218	116.5	6.93833	156.125	89.1862	156.944	11.257	
864	72.6525	74.6317	1051.05	2.40416	113.503	78.1075	115.55	6.88712	155.195	89.5654	154.474	11.1821	
865	72.6738	75.6271	1054.9	2.31957	114.285	76.3725	116.822	7.45336	156.797	89.8096	155.796	11.1966	
866	73.1325	75.3187	1055.97	2.32001	115.05	76.4421	116.937	6.88791	156.441	89.3359	156.373	11.1895	
867	72.9604	75.8204	1057.59	2.32667	115.177	76.3125	117.101	6.88999	156.545	89.4654	156.494	11.1929	
868	73.0442	75.3692	1060.88	2.33627	116.344	78.365	117.121	6.89631	156.661	89.4287	156.357	11.2029	
869	73.0734	75.4746	1062.09	2.33457	115.395	78.6896	117.204	6.9059	156.459	89.3658	156.598	11.1967	
870	73.1259	75.6617	1063.44	2.3383	115.225	78.5383	117.171	7.1363	156.465	89.6383	155.431	11.2204	
871	73.5662	75.7137	1067.18	2.33786	115.402	78.6208	117.41	6.89964	156.63	90.0733	156.887	11.2121	
872	73.5883	76.0063	1068.15	2.35625	115.196	78.8337	117.437	6.90666	157.04	89.5654	156.937	11.2192	
873	73.4896	76.1279	1072.07	2.33959	115.37	78.6571	118.961	6.90257	156.937	90.0145	157.235	11.2246	
874	73.4141	76.2304	1075.34	2.33791	114.779	79.1859	116.448	6.94743	155.94	89.94	156.233	11.2229	
875	72.5271	74.9654	1077.96	2.34625	115.165	79.4763	116.976	6.91788	157.39	90.8771	156.205	11.265	
876	72.5696	75.5954	1080.63	2.3463	114.659	79.6404	116.572	7.11296	156.313	90.0633	156.291	11.2362	
877	72.5883	75.2125	1375.87	2.35165	114.604	79.0525	117.163	6.9125	156.126	90.0421	155.713	11.2421	
878	73.8558	76.9887	1087.51	2.56869	116.292	77.6675	118.214	7.19496	157.339	90.0137	157.261	11.2529	
879	73.9667	77.0346	1086.86	2.41542	114.539	79.3229	117.397	6.91747	156.06	90.07	155.865	11.2505	
880	73.0517	75.9838	1088.55	2.36375	114.728	79.2813	117.708	6.92916	158.322	90.6346	157.453	11.2667	
881	74.2213	77.0325	1090.27	2.36501	116.121	79.9121	118.317	6.92709	157.86	89.9075	157.153	11.2592	
882	74.755	76.8063	1091.86	2.36084	115.308	79.4812	117.153	6.92665	156.476	90.0767	156.3	11.2655	
883	74.8446	77.065	1098.49	2.54291	115.945	79.5562	117.258	6.92921	156.601	90.1433	156.786	11.2746	
884	75.7034	76.6854	1100.1	2.46454	115.655	79.6425	117.279	6.93624	156.31	90.2455	157.338	11.2858	
885	74.6317	76.8813	1100.2	2.38167	116.458	78.7867	118.832	6.94334	159.571	90.2583	158.143	11.293	
886	74.5079	77.0317	1102.69	2.37329	116.709	79.88	118.808	6.93708	157.73	90.7608	157.569	11.2816	
887	74.7042	77.1717	1104.82	2.38044	116.573	79.85	118.863	6.93957	158.267	90.9363	157.625	11.2843	
888	74.7688	77.2238	1108.86	2.38374	116.683	79.9792	118.901	6.94209	158.769	90.3575	157.82	11.3204	
889	74.8754	77.4517	1109.32	2.38504	116.794	80.0354	119.12	6.94251	158.765	90.3842	158.218	11.2942	
890	75.1463	77.4579	1109.85	2.38621	116.824	80.3742	120.154	7.4321	159.033	91.4237	157.515	11.3804	
891	74.95	78.9321	1115.81	2.38457	115.608	80.4471	118.502	6.94961	156.946	90.6913	156.925	11.3054	
892	75.0817	77.8375	1118.4	2.39542	115.86	80.6296	118.039	6.95251	157.062	90.6958	156.935	11.3067	
893	75.6633	77.6791	1123.7	2.39166	117.375	79.0975	119.185	6.98082	158.455	91.0234	157.907	11.3175	
894	75.1225	78.2025	1121.04	2.39754	117.926	78.6704	119.577	6.96457	158.481	90.7717	158.285	11.3142	
895	75.7733	78.0221	1123.11	2.39839	118.058	81.2104	119.353	6.96584	157.982	90.7521	158.395	11.3258	
896	74.22	76.9346	1125.46	2.39923	116.058	80.8733	118.348	7.09628	157.53	90.8825	157.857	11.3283	
897	74.4683	77.0359	1129.8	2.40463	116.251	80.8958	118.364	6.96918	157.775	91.2404	157.567	11.3646	
898	74.4604	77.4184	1134.89	2.40665	117.612	78.7429	119.578	6.98045	158.755	91.375	158.451	11.3325	
899	75.6333	78.7313	1133.52	2.40952	117.565	78.9371	119.835	6.97328	159.36	91.0754	158.501	11.3467	
900	75.9225	78.7613	1137.17	2.40544	117.598	80.1063	120.21	6.97199	159.879	90.9325	158.709	11.3455	
901	76.0367	78.6566	1136.91	2.40711	117.733	81.6146	120.026	6.97748	158.993	91.0512	158.795	11.3558	
902	76.158	78.6967	1138.82	2.41882	118.418	81.1909	120.437	6.97709	159.621	92.0692	159.41	11.37	
903	74.7455	77.5391	1145.15	2.41503	116.554	81.4397	119.935	6.98166	158.83	91.0967	159.001	11.362	
904	74.9312	77.6692	1145.83	2.42333	116.776	81.8396	119.007	7.03828	158.059	91.7259	158.649	11.3841	
905	75.175	77.7637	1151.94	2.42668	118.008	81.4454	119.14	6.98624	158.698	91.6042	157.799	11.3742	
906	75.203	77.7379	1150.77	2.42499	116.796	81.4671	119.564	6.98792	158.668	91.5746	158.095	11.3763	
907	75.4863	77.825	1152.83	2.42709	118.061	81.5058	121.697	6.99372	160.121	92.1709	160.46	11.3867	
908	77.9954	80.0209	1176.07	2.65044	122.828	81.1271	121.919	7.03083	161.924	92.8021	162.527	12.3147	
909	76.3438	79.5908	1168.65	2.4362	118.433	80.9916	122.452	6.99872	161.93	92.865	161.34	11.5067	
910	77.2763	79.845	1170.02	2.43749	117.77	82.4658	120.813	7.01	160.579	91.8734	160.661	11.4009	
911	77.5387	79.2987	1172.46	2.45	120.786	82.0575	122.481	7.24544	161.728	93.1255	161.107	11.4416	
912	78.1434	81.2721	1180.2	2.45209	119.995	80.1905	121.419	7.01209	160.996	93.1825	161.438	11.565	
913	76.8988	80.0471	1176.83	2.45462	119.697	81.3063	122.446	7.02745	161.408	93.4867	161.836	11.4187	
914	76.0658	79.5175	1177.91	2.45209	118.969	82.0679	121.79	7.06243	160.45	93.1717	161.31	11.4216	
915	76.0075	79.223	1182.63	2.47505	118.68	81.3712	123.668	7.04791	162.923	92.8296	161.467	11.435	
916	77.8509	80.0317	1182.67	2.61589	119.69	81.7846	121.978	7.03295	161.275	92.993	161.715	11.7196	
917	77.5437	79.8834	1187.61	2.45464	118.469	83.1504	120.787	7.01206	160.792	92.1908	159.723	11.4334	
918	77.1029	80.2742	1192.23	2.46331	118.305	80.4871	121.606	7.05416	164.404	100.713	205.374	11.5142	
919	78.1917	410.324	1253.7	2.46957	120.863	86.6387	124.187	7.24453	160.293	94.4067	162.695	11.4758	
920	78.6388	80.4454	1217.68	2.46464	121.674	82.0025	122.074	7.03243	160.163	92.6634	160.702	11.5592	
921	77.5962	82.1204	1206.14	2.47292	120.557	82.5467	122.585	7.08714	162.461	93.6408	161.987	11.7087	
922	79.0954	82.5058	1206.09	2.4733	120.051	83.1883	123.308	7.19496	161.254	93.6254	161.744	11.4642	
923	77.0879	80.7358	1210.55	2.60248	119.693	82.77	122.248	7.03655	161.467	92.652	163.077	11.7762	
924	78.6521	81.5463	1207.39	2.48585	120.229	81.6116	123.727	7.06779	162.039	93.4025	161.582	11.6437	
925	76.9913	81.06	1208.26	2.48834	120.421	81.6238	123.433	7.29419	162.451	92.5225	161.748	11.4846	
926	78.2275	80.9954	1202.61	2.47083	118.928	84.2879	123.28	7.04915	161.885	93.6954	162.681	12.0787	
927	79.9605	82.2687	1215.05	2.48289	120.303	83.4996	121.957	7.05581	161.189	92.6754	160.789	11.4846	
928	78.3934	81.1655	1209.42	2.49461	120.556	81.8842	122.149	7.04331	162	92.9221	162.072	11.49	
929	79.0079	81.2905	1220	2.5054	121.854	83.878	124.625	7.07796	163.158	93.992	162.987	11.4879	
930	79.5775	81.88	1221.1	2.48748	121.03	83.3342	123.026	7.05128	163.653	93.6013	164.525	11.7962	
931	79.0391	81.87	1223.53	2.50752	121.781	84.5471	124.032	7.08711	163.408	93.7613	162.851	11.5054	
932	79.6079	81.89	1228.99	2.54792	121.592	83.8054	124.031	7.21872	163.151	93.4867	162.602	11.805	
933	79.8776	81.4954	1231.25	2.49705	119.815	85.3271	122.525	7.05787	161.661	93.54	161.438	11.502	
934	78.8979	81.6683	1228.63	2.49628	120.998	84.7366	123.116	7.06376	163.397	93.0142	161.97	11.7842	
935	78.9725	81.8996	1232.62	2.49961	120.65	83.1517	129.691	9.09046	225.545	335.841	419.366	11.5921	
936	79.6075	82.4388	1241.11	2.67791	121.128	82.6342	122.702	7.07295	163.192	98.2567	167.676	11.5258	
937	79.3696	81.5496	1227.99	3.6567	124.963	86.2813	124.204	7.72121	163.584	93.8042	162.295	11.5712	
938	78.9946	80.7854	1235.2	2.52207	120.391	82.8108	123.498	7.08125	162.523	93.4413	162.758	11.5358	
939	79.6296	81.6488	1242.9	2.51621	121.743	85.0808	124.852	7.08045	162.876	93.1133	162.352	11.5424	
940	78.0704	81.54	1239.44	2.51334	120.489	83.8575	124.308	7.0779	163.904	93.7492	162.778	11.532	
941	79.5208	83.0179	1242.97	2.51583	119.925	84.5121	122.341	7.08125	160.926	92.978	161.033	11.5775	
942	77.9975	81.3425	1244.93	2.5188	122.416	83.7175	124.06	7.14079	163.74	93.9996	163.555	11.5754	
943	79.4788	82.0592	1241.87	2.51711	121.006	84.7408	123.042	7.08001	160.831	93.0408	163.238	11.563	
944	79.775	82.2746	1242.57	2.52372	121.257	83.6233	123.647	7.08878	162.461	93.555	162.43	11.5583	
945	80.4441	82.1854	1248.14	2.53666	121.568	84.6629	125.14	7.44875	164.396	93.2575	162.974	11.5454	
946	79.8008	82.2271	1248.35	2.52663	122.177	84.6942	123.975	7.09002	162.86	93.4225	163.413	11.572	
947	79.4996	83.2992	1255.96	2.53885	122.519	84.7067	124.065	7.09251	162.992	93.2929	162.738	11.5617	
948	79.7121	82.4445	1253.62	2.53124	121.775	85.0425	125.015	7.09832	163.153	93.2704	162.903	11.5612	
949	79.7942	82.4171	1261.45	2.54668	120.877	85.0337	123.35	7.10999	162.167	93.2133	162.874	11.5725	
950	78.8329	81.8455	1260.46	2.53382	120.386	85.1995	122.987	7.11002	161.995	93.4	161.636	11.5775	
951	78.9046	81.5733	1266.34	2.54887	121.74	83.6546	125.093	7.10666	162.01	93.3566	161.916	11.6863	
952	79.2383	81.5737	1264.41	2.54331	120.663	85.8467	123.208	7.10501	162.333	93.9575	162.031	11.5875	
953	78.88	81.6929	1264.61	2.54667	120.835	84.6021	125.043	7.11792	164.655	93.5483	163.47	11.5829	
954	80.1162	84.6733	1269.63	2.55247	123.061	85.5395	124.648	7.10542	163.311	93.5542	163.73	11.8038	
955	80.66	82.9341	1271.48	2.54873	122.464	86.5346	125.132	7.11662	163.974	93.9925	163.931	11.6104	
956	79.3858	82.7196	1276.03	2.55414	121.528	85.7221	123.834	7.12497	162.039	93.6246	162.369	12.1108	
957	80.4667	83.0938	1280.43	2.55127	121.054	85.8779	123.876	7.12499	163.21	93.6521	162.063	11.6096	
958	80.4446	83.18	1285.45	2.55748	123.431	86.0767	125.115	7.12211	163.645	93.7587	164.303	11.6196	
959	80.9388	83.8329	1283.39	2.56914	126.686	103.665	128.717	7.15083	163.958	94.4871	163.551	11.6279	
960	81.0329	83.8042	1287.43	2.56625	121.501	85.928	124.545	7.57708	162.855	93.9038	162.808	11.625	
961	80.7537	83.9933	1290.15	2.56084	121.279	85.9225	123.975	7.13208	163.229	93.8313	162.903	11.6796	
962	80.9138	83.5783	1293.37	2.575	123.306	84.4262	125.33	7.13664	164.065	93.9658	164.696	11.6362	
963	79.7338	82.5246	1292.04	2.5683	122.243	86.2034	124.268	7.13626	163.373	93.9429	163.853	11.6608	
964	79.7417	82.615	1295.58	2.57125	121.767	86.3425	124.116	7.13504	164.554	94.5788	164.808	11.6408	
965	81.09	83.305	1297.19	2.57875	122.306	86.2179	124.481	7.19753	162.938	94.1775	163.518	11.6492	
966	81.0407	84.152	1302.87	2.57337	121.69	86.6175	124.306	7.14747	163.475	94.7125	163.022	11.7087	
967	81.4942	84.4442	1310.45	2.64293	123.299	86.4316	126.407	7.14156	165.105	94.0412	164.542	11.6622	
968	81.3579	84.8604	1311.81	2.58462	122.209	86.4746	124.512	7.14331	163.184	94.7487	163.435	11.6591	
969	80.3142	83.1476	1312.24	2.58456	123.488	86.66	126.433	7.28009	165.476	94.2709	164.895	11.6616	
970	81.6554	84.32	1310.27	2.59248	123.892	86.9729	126.047	7.15833	164.745	94.7249	164.677	11.6637	
971	81.5558	84.4383	1313.58	2.59461	123.518	86.9496	127.405	7.16003	165.067	94.7104	164.849	11.6854	
972	81.8417	84.8371	1318.47	2.5875	122.532	87.5258	125.063	7.16078	163.785	94.36	163.742	11.6809	
973	80.5737	83.2617	1319.44	2.605	123.543	87.6955	125.138	7.15625	163.85	94.3879	164.614	11.6729	
974	80.6304	83.9525	1323	2.59589	122.523	87.0605	125.188	7.21869	164.088	95.0387	163.754	11.6904	
975	80.7645	83.6592	1324.5	2.59998	122.368	87.3541	126.191	7.26202	166.055	95.432	165.162	11.695	
976	81.3275	84.6813	1326.52	2.60545	122.69	87.2363	125.236	7.17414	164.122	95.063	163.678	11.6987	
977	81.9684	84.9475	1331.31	2.60333	122.743	87.6717	125.908	7.16836	164.036	94.6529	164.348	11.7121	
978	83.2733	86.1963	1336.21	2.79082	124.296	87.6492	127.357	7.17171	165.551	95.0329	165.213	11.7071	
979	82.1183	85.2279	1333.7	2.60959	124.207	88.5109	126.944	7.17585	165.883	94.5995	165.255	11.7321	
980	82.2837	85.2154	1337.84	2.61292	124.414	85.3221	127.077	7.18665	165.893	95.7908	165.027	11.7283	
981	82.652	85.4241	1339.61	2.63122	124.547	85.94	127.146	7.18627	166.237	94.8675	165.378	11.7175	
982	82.4992	85.5108	1345.07	2.62292	124.632	88.2383	128.043	7.18461	166.179	94.7475	165.83	11.7233	
983	82.6295	85.4254	1343.7	2.62	124.987	87.8183	127.588	7.18292	165.726	94.9516	166.116	11.7217	
984	82.5671	85.5363	1347.47	2.62541	125.032	85.655	128.368	7.19498	166.284	95.2542	165.73	11.7296	
985	82.685	85.7033	1350.71	2.62585	125.327	87.0613	127.66	7.19456	165.809	95.0459	166.337	11.858	
986	82.7821	85.6925	1352.55	2.64794	124.678	87.8013	127.331	7.9396	165.492	94.8545	166.983	11.7516	
987	82.9059	85.755	1355.74	2.63455	125.105	88.8346	128.408	7.19337	166.062	95.1188	166.33	11.7491	
988	82.9688	85.8534	1357.48	2.63461	125.056	86.975	128.012	7.19792	165.162	95.2196	165.13	11.8141	
989	83.1479	85.5579	1360	2.63461	123.607	88.1179	126.589	7.20209	165.666	96.0658	165.25	11.7508	
990	82.0241	85.1084	1366.28	2.63876	124.298	89.2775	126.724	7.21085	165.923	96.4217	165.491	11.8158	
991	82.0783	84.94	1369.57	2.64827	123.971	88.7021	126.778	7.21212	165.571	95.3229	165.059	11.7626	
992	82.0833	85.3199	1369.39	2.65588	124.747	88.6216	126.828	7.21045	165.194	95.3534	165.508	11.7946	
993	82.75	85.1408	1386.29	2.65082	125.849	86.8729	128.313	7.41045	167.022	95.5833	166.565	11.8208	
994	83.3662	86.5458	1373.84	2.64661	125.46	86.1838	128.447	7.21125	166.446	95.9208	167.424	11.7655	
995	83.5854	86.5262	1378.16	2.66001	124.056	89.1087	128.44	7.20707	165.241	95.6104	165.029	11.78	
996	82.5383	85.4366	1380.82	2.65418	124.016	88.8863	127.024	7.20497	165.881	95.5933	165.318	11.7873	
997	82.723	85.4363	1386.3	2.65633	125.918	89.3162	128.845	7.2183	166.65	95.62	167.75	11.7829	
998	83.7771	86.7104	1383.9	2.66166	125.722	89.1046	129.258	7.35033	166.66	95.6371	166.67	11.7929	
999	83.8904	87.4042	1389.49	2.65905	126	89.2134	129.2	7.21758	167.46	95.8805	166.751	11.7892	
