0 0.23585
1 0.13208
2 0.13709
3 0.13586
4 0.13416
5 0.13457
6 0.13082
7 0.12832
8 0.13128
9 0.13668
10 0.13166
11 0.12875
12 0.12792
13 0.12499
14 0.12752
15 0.13085
16 0.12832
17 0.12795
18 0.12876
19 0.12958
20 0.12997
21 0.12707
22 0.12874
23 0.12745
24 0.13291
25 0.13293
26 0.12792
27 0.12247
28 0.1254
29 0.12795
30 0.1267
31 0.12709
32 0.1275
33 0.12749
34 0.13001
35 0.12708
36 0.13042
37 0.12667
38 0.12671
39 0.12958
40 0.12456
41 0.12582
42 0.12627
43 0.12625
44 0.12584
45 0.12583
46 0.12834
47 0.13206
48 0.12707
49 0.12668
50 0.12872
51 0.1275
52 0.12752
53 0.13002
54 0.12664
55 0.13045
56 0.12748
57 0.12956
58 0.12459
59 0.12668
60 0.1304
61 0.12627
62 0.12668
63 0.12917
64 0.12792
65 0.13082
66 0.12457
67 0.12707
68 0.12875
69 0.13083
70 0.13083
71 0.12835
72 0.13125
73 0.12875
74 0.12834
75 0.12916
76 0.12666
77 0.13122
78 0.13333
79 0.12998
80 0.12752
81 0.12626
82 0.12626
83 0.12955
84 0.12667
85 0.13
86 0.12623
87 0.12956
88 0.12746
89 0.12627
90 0.12998
91 0.12665
92 0.12791
93 0.12626
94 0.12627
95 0.12791
96 0.12794
97 0.12708
98 0.12583
99 0.12833
100 0.12666
101 0.12669
102 0.12793
103 0.13085
104 0.12584
105 0.12625
106 0.1304
107 0.13039
108 0.12959
109 0.12543
110 0.13414
111 0.12834
112 0.1275
113 0.1271
114 0.12705
115 0.12833
116 0.12875
117 0.12502
118 0.12542
119 0.12709
120 0.12873
121 0.13002
122 0.12627
123 0.12501
124 0.12794
125 0.12875
126 0.12709
127 0.12541
128 0.12667
129 0.12625
130 0.12666
131 0.1258
132 0.12793
133 0.12668
134 0.12499
135 0.12959
136 0.12791
137 0.12582
138 0.12834
139 0.12793
140 0.13004
141 0.13081
142 0.12584
143 0.13164
144 0.12837
145 0.12667
146 0.12793
147 0.12915
148 0.12875
149 0.12794
150 0.1279
151 0.12916
152 0.12918
153 0.12998
154 0.12999
155 0.13626
156 0.13706
157 0.13206
158 0.13042
159 0.1271
160 0.12708
161 0.1279
162 0.12837
163 0.12668
164 0.12832
165 0.72083
166 0.15212
167 0.13207
168 0.13
169 0.15545
170 0.11376
171 0.11379
172 0.11002
173 0.11747
174 0.10971
175 0.10802
176 0.10833
177 0.1129
178 0.1096
179 0.11127
180 0.11164
181 0.11257
182 0.1104
183 0.11456
184 0.11077
185 0.11371
186 0.11122
187 0.11716
188 0.11245
189 0.10877
190 0.10831
191 0.11291
192 0.1076
193 0.10965
194 0.11036
195 0.11286
196 0.11124
197 0.11498
198 0.11292
199 0.11662
200 0.11007
201 0.12118
202 0.11086
203 0.10912
204 0.10992
205 0.11002
206 0.10882
207 0.11005
208 0.10958
209 0.11039
210 0.11251
211 0.10915
212 0.10875
213 0.10707
214 0.11171
215 0.10968
216 0.10824
217 0.11293
218 0.11704
219 0.11249
220 0.10962
221 0.10966
222 0.10756
223 0.10831
224 0.11043
225 0.10787
226 0.11045
227 0.1096
228 0.10961
229 0.10991
230 0.11163
231 0.11122
232 0.11046
233 0.11043
234 0.10999
235 0.11172
236 0.10999
237 0.10914
238 0.10837
239 0.1125
240 0.10879
241 0.10918
242 0.10914
243 0.11336
244 0.10933
245 0.11126
246 0.11577
247 0.1116
248 0.10705
249 0.10955
250 0.10745
251 0.11221
252 0.10955
253 0.11252
254 0.10995
255 0.1079
256 0.10991
257 0.1091
258 0.10797
259 0.11378
260 0.11294
261 0.10908
262 0.11016
263 0.10965
264 0.11301
265 0.1117
266 0.11124
267 0.11084
268 0.10956
269 0.11467
270 0.11635
271 0.11127
272 0.11038
273 0.1096
274 0.11091
275 0.1121
276 0.11086
277 0.10834
278 0.10873
279 0.11545
280 0.10915
281 0.10954
282 0.10994
283 0.11287
284 0.10823
285 0.11079
286 0.10822
287 0.10997
288 0.10953
289 0.1108
290 0.11132
291 0.10792
292 0.1133
293 0.11199
294 0.11006
295 0.11123
296 0.10709
297 0.10664
298 0.10871
299 0.1113
300 0.11004
301 0.10997
302 0.10922
303 0.11
304 0.1096
305 0.11284
306 0.10955
307 0.11006
308 0.11159
309 0.10959
310 0.1113
311 0.10994
312 0.10916
313 0.11045
314 0.11047
315 0.10713
316 0.11037
317 0.10914
318 0.1079
319 0.11078
320 0.11003
321 0.11175
322 0.11007
323 0.11084
324 0.1113
325 0.1112
326 0.10922
327 0.11121
328 0.11001
329 0.11203
330 0.10786
331 0.11081
332 0.10969
333 0.10917
334 0.1101
335 0.11166
336 0.11116
337 0.10918
338 0.11289
339 0.11038
340 0.11088
341 0.10549
342 0.1129
343 0.11126
344 0.10788
345 0.11381
346 0.11009
347 0.11213
348 0.1121
349 0.10868
350 0.10877
351 0.11211
352 0.11209
353 0.10962
354 0.11451
355 0.1113
356 0.10957
357 0.11335
358 0.11047
359 0.10876
360 0.11084
361 0.11075
362 0.11213
363 0.10993
364 0.11342
365 0.11165
366 0.10839
367 0.11162
368 0.11078
369 0.11035
370 0.11042
371 0.11013
372 0.10926
373 0.10869
374 0.11331
375 0.11206
376 0.10831
377 0.11128
378 0.11209
379 0.10793
380 0.1104
381 0.11244
382 0.11084
383 0.11211
384 0.10915
385 0.11454
386 0.11041
387 0.10917
388 0.11589
389 0.11375
390 0.11032
391 0.10914
392 0.1095
393 0.11007
394 0.10792
395 0.11012
396 0.11209
397 0.115
398 0.11338
399 0.11031
400 0.11334
401 0.11121
402 0.10959
403 0.11291
404 0.11161
405 0.10909
406 0.11035
407 0.1108
408 0.10799
409 0.11047
410 0.1104
411 0.10869
412 0.10869
413 0.11041
414 0.11252
415 0.11286
416 0.11043
417 0.10911
418 0.10789
419 0.10954
420 0.10784
421 0.10792
422 0.10958
423 0.11163
424 0.11457
425 0.11376
426 0.10829
427 0.11121
428 0.11078
429 0.10914
430 0.11168
431 0.11035
432 0.11297
433 0.11289
434 0.11036
435 0.10916
436 0.10876
437 0.10748
438 0.11084
439 0.11166
440 0.11034
441 0.10959
442 0.11121
443 0.10917
444 0.1112
445 0.10665
446 0.1095
447 0.10962
448 0.11095
449 0.11258
450 0.1112
451 0.1108
452 0.11335
453 0.10793
454 0.11038
455 0.10884
456 0.10916
457 0.10997
458 0.10569
459 0.1096
460 0.1088
461 0.11034
462 0.11203
463 0.11045
464 0.10914
465 0.10864
466 0.11205
467 0.11001
468 0.10996
469 0.11294
470 0.11251
471 0.11331
472 0.10998
473 0.10836
474 0.11162
475 0.11449
476 0.14165
477 0.10824
478 0.11042
479 0.10834
480 0.10956
481 0.11125
482 0.10954
483 0.11084
484 0.10918
485 0.11283
486 0.11294
487 0.10829
488 0.10954
489 0.11211
490 0.10802
491 0.10749
492 0.11124
493 0.10829
494 0.11165
495 0.10788
496 0.11455
497 0.11002
498 0.10919
499 0.10963
500 0.11007
501 0.11128
502 0.10871
503 0.10705
504 0.10878
505 0.11163
506 0.11
507 0.10796
508 0.11171
509 0.11288
510 0.11257
511 0.11247
512 0.10908
513 0.10954
514 0.10924
515 0.11287
516 0.11091
517 0.1087
518 0.10956
519 0.10994
520 0.10912
521 0.10909
522 0.11118
523 0.10745
524 0.10874
525 0.10957
526 0.11129
527 0.11252
528 0.10872
529 0.1137
530 0.1109
531 0.11328
532 0.10833
533 0.11038
534 0.11075
535 0.11239
536 0.11137
537 0.11003
538 0.11083
539 0.11037
540 0.1159
541 0.11161
542 0.11004
543 0.11257
544 0.11211
545 0.11297
546 0.11001
547 0.10961
548 0.1142
549 0.11257
550 0.11123
551 0.1105
552 0.11167
553 0.11095
554 0.11167
555 0.10999
556 0.11089
557 0.11126
558 0.10998
559 0.10953
560 0.10921
561 0.11004
562 0.11008
563 0.11047
564 0.11129
565 0.10961
566 0.11002
567 0.10965
568 0.11074
569 0.11246
570 0.10909
571 0.10758
572 0.11126
573 0.11083
574 0.10839
575 0.11051
576 0.11507
577 0.11006
578 0.11574
579 0.11035
580 0.10963
581 0.11171
582 0.11421
583 0.11016
584 0.10995
585 0.10961
586 0.10833
587 0.10918
588 0.10914
589 0.11077
590 0.11297
591 0.1137
592 0.11125
593 0.10882
594 0.10968
595 0.11366
596 0.11252
597 0.11166
598 0.11046
599 0.10837
600 0.10875
601 0.10881
602 0.11043
603 0.1129
604 0.11122
605 0.11124
606 0.11248
607 0.11373
608 0.11127
609 0.1088
610 0.10744
611 0.1112
612 0.11124
613 0.10828
614 0.11547
615 0.11334
616 0.11004
617 0.11126
618 0.1096
619 0.10964
620 0.11993
621 0.10793
622 0.11414
623 0.10837
624 0.10872
625 0.10882
626 0.11008
627 0.11203
628 0.10995
629 0.11372
630 0.10996
631 0.11007
632 0.11127
633 0.11047
634 0.10867
635 0.11001
636 0.1118
637 0.11129
638 0.11368
639 0.10837
640 0.11164
641 0.10624
642 0.10914
643 0.10999
644 0.11166
645 0.10758
646 0.11086
647 0.1183
648 0.11364
649 0.10844
650 0.11336
651 0.11582
652 0.11287
653 0.11367
654 0.11287
655 0.11083
656 0.10874
657 0.11294
658 0.11201
659 0.11082
660 0.10993
661 0.11256
662 0.11283
663 0.11299
664 0.11159
665 0.10874
666 0.11005
667 0.11164
668 0.11291
669 0.10999
670 0.11298
671 0.11453
672 0.11127
673 0.11009
674 0.11046
675 0.10968
